thr_10;thr_30;thr_50;thr_70;thr_90;thr_110;thr_130;thr_150;thr_170;thr_190;thr_210;thr_230;
0.090380;0.042119;0.022764;0.010349;0.003047;0.000171;0.000000;0.000000;0.000000;0.000000;0.000000;0.000000;
0.206281;0.127222;0.089210;0.065335;0.043855;0.025462;0.011233;0.003078;0.000819;0.000220;0.000000;0.000000;
0.146138;0.075132;0.040391;0.022784;0.009821;0.002534;0.000347;0.000000;0.000000;0.000000;0.000000;0.000000;
0.095265;0.041342;0.018433;0.007733;0.001578;0.000495;0.000257;0.000144;0.000015;0.000000;0.000000;0.000000;
0.092753;0.044375;0.024323;0.012317;0.005129;0.000953;0.000003;0.000000;0.000000;0.000000;0.000000;0.000000;
0.096938;0.047985;0.020441;0.004074;0.000183;0.000000;0.000000;0.000000;0.000000;0.000000;0.000000;0.000000;
0.152376;0.083308;0.040347;0.015837;0.005373;0.000526;0.000000;0.000000;0.000000;0.000000;0.000000;0.000000;
0.163331;0.108249;0.070353;0.040706;0.023287;0.013434;0.007482;0.004217;0.001675;0.000560;0.000000;0.000000;
0.166827;0.098698;0.050655;0.025352;0.010878;0.006070;0.003435;0.001844;0.000270;0.000010;0.000000;0.000000;
0.115834;0.055340;0.024337;0.007909;0.002855;0.000765;0.000003;0.000000;0.000000;0.000000;0.000000;0.000000;
0.171668;0.105448;0.058966;0.034508;0.019651;0.008174;0.001171;0.000030;0.000000;0.000000;0.000000;0.000000;
0.120387;0.051338;0.023214;0.010202;0.002819;0.000825;0.000214;0.000038;0.000000;0.000000;0.000000;0.000000;
0.181281;0.104256;0.058887;0.034528;0.018505;0.006352;0.001132;0.000167;0.000000;0.000000;0.000000;0.000000;
0.123247;0.060931;0.024518;0.009146;0.002702;0.000819;0.000027;0.000000;0.000000;0.000000;0.000000;0.000000;
0.211761;0.137324;0.095635;0.066681;0.041484;0.016990;0.009498;0.003974;0.000706;0.000000;0.000000;0.000000;
0.111593;0.054296;0.029273;0.013569;0.003143;0.000737;0.000111;0.000036;0.000001;0.000000;0.000000;0.000000;
0.169220;0.091234;0.056074;0.029835;0.012178;0.005323;0.003072;0.000770;0.000008;0.000001;0.000000;0.000000;
0.131715;0.072771;0.046066;0.033015;0.024185;0.018747;0.013822;0.005372;0.001905;0.000498;0.000000;0.000000;
0.205013;0.135238;0.097619;0.070308;0.047785;0.028605;0.013932;0.008621;0.005229;0.001720;0.000000;0.000000;
0.130506;0.061904;0.024005;0.007308;0.000962;0.000001;0.000000;0.000000;0.000000;0.000000;0.000000;0.000000;
0.158608;0.090522;0.052263;0.028841;0.015301;0.006746;0.002525;0.000539;0.000031;0.000000;0.000000;0.000000;
0.153797;0.070136;0.028383;0.009516;0.002550;0.000990;0.000321;0.000000;0.000000;0.000000;0.000000;0.000000;
0.141794;0.074389;0.041219;0.021722;0.011456;0.006223;0.002344;0.000087;0.000000;0.000000;0.000000;0.000000;
0.151877;0.087440;0.057562;0.038490;0.021569;0.003376;0.000054;0.000000;0.000000;0.000000;0.000000;0.000000;
0.134909;0.066512;0.034213;0.020369;0.012611;0.007023;0.003415;0.001587;0.000212;0.000000;0.000000;0.000000;
0.078261;0.028111;0.009987;0.001772;0.000221;0.000002;0.000000;0.000000;0.000000;0.000000;0.000000;0.000000;
0.046576;0.018351;0.007590;0.001725;0.000051;0.000000;0.000000;0.000000;0.000000;0.000000;0.000000;0.000000;
0.098079;0.055962;0.025089;0.003993;0.000103;0.000001;0.000000;0.000000;0.000000;0.000000;0.000000;0.000000;
0.073346;0.035116;0.014180;0.004474;0.000290;0.000015;0.000010;0.000010;0.000003;0.000000;0.000000;0.000000;
0.084249;0.041487;0.019236;0.007424;0.003126;0.000298;0.000064;0.000016;0.000000;0.000000;0.000000;0.000000;
0.082320;0.041879;0.017593;0.006090;0.002466;0.000408;0.000084;0.000000;0.000000;0.000000;0.000000;0.000000;
0.134313;0.085049;0.055458;0.035563;0.019794;0.010437;0.005075;0.002714;0.000278;0.000000;0.000000;0.000000;
0.166951;0.097686;0.053761;0.026113;0.010878;0.003213;0.000206;0.000018;0.000000;0.000000;0.000000;0.000000;
0.113407;0.058447;0.026292;0.004361;0.000153;0.000000;0.000000;0.000000;0.000000;0.000000;0.000000;0.000000;
0.110383;0.057530;0.023330;0.005855;0.000545;0.000252;0.000155;0.000069;0.000008;0.000000;0.000000;0.000000;
0.154614;0.093850;0.066855;0.048435;0.031547;0.016230;0.007008;0.005559;0.004467;0.003354;0.001739;0.000000;
0.232375;0.154351;0.103666;0.067972;0.035634;0.017424;0.008486;0.001739;0.000143;0.000000;0.000000;0.000000;
0.172708;0.106081;0.067364;0.038598;0.019668;0.010983;0.006651;0.001960;0.000036;0.000000;0.000000;0.000000;
0.152541;0.082223;0.041604;0.020880;0.006413;0.001206;0.000412;0.000225;0.000073;0.000014;0.000000;0.000000;
0.098338;0.047941;0.021943;0.004801;0.000767;0.000144;0.000000;0.000000;0.000000;0.000000;0.000000;0.000000;
0.102584;0.053711;0.030202;0.016395;0.003364;0.000747;0.000000;0.000000;0.000000;0.000000;0.000000;0.000000;
0.147382;0.084328;0.053724;0.039657;0.029959;0.022048;0.012862;0.002901;0.000028;0.000003;0.000000;0.000000;
0.151800;0.080446;0.044508;0.020859;0.006373;0.001976;0.001229;0.000553;0.000003;0.000000;0.000000;0.000000;
0.151646;0.088030;0.044712;0.020357;0.006440;0.000902;0.000117;0.000000;0.000000;0.000000;0.000000;0.000000;
0.142786;0.081430;0.042687;0.021851;0.011168;0.004291;0.001217;0.000600;0.000204;0.000004;0.000000;0.000000;
0.179339;0.094925;0.045647;0.018475;0.006904;0.000883;0.000011;0.000000;0.000000;0.000000;0.000000;0.000000;
0.205438;0.115554;0.069918;0.045887;0.031414;0.019920;0.012268;0.009298;0.005906;0.002105;0.000480;0.000282;
0.182433;0.098545;0.052486;0.028467;0.013086;0.003627;0.000089;0.000000;0.000000;0.000000;0.000000;0.000000;
0.082361;0.026873;0.007735;0.001246;0.000239;0.000111;0.000000;0.000000;0.000000;0.000000;0.000000;0.000000;
0.110184;0.052489;0.025191;0.013046;0.004244;0.000530;0.000000;0.000000;0.000000;0.000000;0.000000;0.000000;
0.102398;0.049784;0.016324;0.002126;0.000514;0.000104;0.000000;0.000000;0.000000;0.000000;0.000000;0.000000;
0.140165;0.096482;0.077381;0.066443;0.057385;0.044946;0.027510;0.014846;0.009482;0.007061;0.004057;0.000686;
0.111816;0.050906;0.019740;0.008115;0.003081;0.000488;0.000042;0.000000;0.000000;0.000000;0.000000;0.000000;
0.100676;0.051964;0.026336;0.013745;0.010908;0.009345;0.007690;0.006151;0.004036;0.001059;0.000001;0.000000;
0.143000;0.074552;0.038723;0.018843;0.005157;0.000773;0.000016;0.000000;0.000000;0.000000;0.000000;0.000000;
0.098832;0.046814;0.024523;0.009448;0.003845;0.001351;0.000110;0.000000;0.000000;0.000000;0.000000;0.000000;
0.128150;0.070370;0.044697;0.033243;0.026974;0.019574;0.012071;0.006492;0.004735;0.003161;0.001424;0.000434;
0.121187;0.054257;0.018130;0.004127;0.000446;0.000000;0.000000;0.000000;0.000000;0.000000;0.000000;0.000000;
0.124862;0.063243;0.025054;0.005474;0.001526;0.000162;0.000001;0.000000;0.000000;0.000000;0.000000;0.000000;
0.155406;0.097201;0.065211;0.038631;0.022820;0.014465;0.009441;0.005998;0.004176;0.002503;0.000565;0.000002;
0.143710;0.069154;0.030356;0.012360;0.005604;0.002112;0.000428;0.000018;0.000000;0.000000;0.000000;0.000000;
0.122509;0.065267;0.045114;0.031634;0.016608;0.005726;0.001593;0.000000;0.000000;0.000000;0.000000;0.000000;
0.112635;0.055495;0.030650;0.012733;0.005285;0.002369;0.000908;0.000000;0.000000;0.000000;0.000000;0.000000;
0.078353;0.033223;0.010015;0.001210;0.000000;0.000000;0.000000;0.000000;0.000000;0.000000;0.000000;0.000000;
0.089477;0.041939;0.021556;0.010337;0.003580;0.000498;0.000000;0.000000;0.000000;0.000000;0.000000;0.000000;
0.167033;0.108757;0.084928;0.070067;0.055648;0.035879;0.023703;0.014453;0.004301;0.001012;0.000000;0.000000;
0.117648;0.059447;0.030456;0.014990;0.005715;0.001431;0.000413;0.000000;0.000000;0.000000;0.000000;0.000000;
0.172169;0.105808;0.065817;0.031672;0.013342;0.006961;0.002869;0.000313;0.000000;0.000000;0.000000;0.000000;
0.180516;0.111294;0.073367;0.052499;0.034453;0.017198;0.005009;0.001174;0.000193;0.000000;0.000000;0.000000;
0.154699;0.085461;0.044168;0.020073;0.006134;0.002983;0.001939;0.000801;0.000074;0.000000;0.000000;0.000000;
0.170244;0.094587;0.057491;0.040928;0.028256;0.018202;0.008799;0.004118;0.000723;0.000015;0.000000;0.000000;
0.100588;0.047651;0.021829;0.006661;0.002038;0.000446;0.000005;0.000000;0.000000;0.000000;0.000000;0.000000;
0.137355;0.078491;0.042448;0.019311;0.006809;0.001209;0.000293;0.000184;0.000086;0.000000;0.000000;0.000000;
0.179499;0.113475;0.079052;0.054323;0.034383;0.020357;0.008486;0.002435;0.000521;0.000130;0.000000;0.000000;
0.243483;0.167804;0.119027;0.085845;0.057283;0.034006;0.021207;0.011451;0.003103;0.000855;0.000002;0.000000;
0.208006;0.127409;0.086686;0.057601;0.032507;0.016674;0.008915;0.003964;0.001670;0.000105;0.000000;0.000000;
0.258090;0.185031;0.130672;0.087380;0.053123;0.031330;0.014052;0.005334;0.001478;0.000113;0.000000;0.000000;
0.245060;0.144431;0.087056;0.050248;0.027099;0.014398;0.005955;0.002232;0.000612;0.000010;0.000000;0.000000;
0.211257;0.128847;0.071465;0.037852;0.019825;0.008933;0.004090;0.001788;0.000633;0.000049;0.000000;0.000000;
0.154956;0.091383;0.052590;0.024978;0.011009;0.005296;0.002424;0.001051;0.000000;0.000000;0.000000;0.000000;
0.112028;0.050779;0.021396;0.004812;0.000370;0.000011;0.000000;0.000000;0.000000;0.000000;0.000000;0.000000;
0.154062;0.086967;0.052553;0.033483;0.017141;0.008651;0.006656;0.001807;0.000000;0.000000;0.000000;0.000000;
0.157274;0.093169;0.064106;0.045927;0.035604;0.024601;0.014204;0.006247;0.000201;0.000000;0.000000;0.000000;
0.145520;0.082001;0.045148;0.022713;0.010949;0.006048;0.002772;0.000386;0.000000;0.000000;0.000000;0.000000;
0.083674;0.044766;0.028741;0.021990;0.014095;0.008294;0.004312;0.003072;0.001315;0.000143;0.000000;0.000000;
0.097860;0.046681;0.024280;0.010004;0.002065;0.000101;0.000000;0.000000;0.000000;0.000000;0.000000;0.000000;
0.077007;0.039625;0.018707;0.007082;0.002467;0.000388;0.000000;0.000000;0.000000;0.000000;0.000000;0.000000;
0.155873;0.097139;0.057194;0.033848;0.020089;0.013342;0.008529;0.004672;0.000902;0.000000;0.000000;0.000000;
0.120967;0.066349;0.037811;0.023097;0.012511;0.003937;0.000322;0.000000;0.000000;0.000000;0.000000;0.000000;
0.222786;0.143277;0.091635;0.056727;0.037599;0.021425;0.007936;0.001811;0.000115;0.000000;0.000000;0.000000;
0.190429;0.113646;0.064569;0.034912;0.015624;0.006276;0.001744;0.000281;0.000002;0.000000;0.000000;0.000000;
0.176587;0.103612;0.054524;0.024112;0.007134;0.002196;0.000582;0.000000;0.000000;0.000000;0.000000;0.000000;
0.174945;0.106648;0.071140;0.049785;0.034862;0.023739;0.013470;0.009154;0.005425;0.002074;0.000289;0.000000;
0.104674;0.053806;0.032079;0.016937;0.009199;0.003615;0.000550;0.000015;0.000000;0.000000;0.000000;0.000000;
0.092642;0.050368;0.023563;0.009476;0.004110;0.001304;0.000140;0.000026;0.000000;0.000000;0.000000;0.000000;
0.161794;0.092716;0.054035;0.029005;0.015090;0.008160;0.003288;0.001137;0.000044;0.000000;0.000000;0.000000;
0.082042;0.035433;0.016530;0.007887;0.002942;0.000872;0.000140;0.000000;0.000000;0.000000;0.000000;0.000000;
0.148368;0.084242;0.052160;0.034438;0.024061;0.018325;0.013149;0.007127;0.001883;0.000029;0.000000;0.000000;
0.053062;0.019771;0.004643;0.000788;0.000051;0.000000;0.000000;0.000000;0.000000;0.000000;0.000000;0.000000;
0.051953;0.018961;0.006226;0.001710;0.000587;0.000002;0.000000;0.000000;0.000000;0.000000;0.000000;0.000000;
0.093214;0.044857;0.024627;0.010849;0.001600;0.000394;0.000001;0.000000;0.000000;0.000000;0.000000;0.000000;
0.062722;0.026302;0.008036;0.001918;0.000086;0.000031;0.000000;0.000000;0.000000;0.000000;0.000000;0.000000;
0.078553;0.034976;0.014263;0.002409;0.000015;0.000000;0.000000;0.000000;0.000000;0.000000;0.000000;0.000000;
0.135047;0.073098;0.043545;0.027643;0.016151;0.010309;0.006428;0.002485;0.000570;0.000000;0.000000;0.000000;
0.098570;0.048257;0.023569;0.009505;0.003971;0.000837;0.000010;0.000000;0.000000;0.000000;0.000000;0.000000;
0.086049;0.037975;0.013805;0.002893;0.000267;0.000004;0.000000;0.000000;0.000000;0.000000;0.000000;0.000000;
0.183950;0.107931;0.055815;0.022201;0.007429;0.002266;0.000693;0.000181;0.000020;0.000000;0.000000;0.000000;
0.153737;0.091226;0.055316;0.032591;0.016939;0.008757;0.002824;0.001151;0.000264;0.000000;0.000000;0.000000;
0.164457;0.094275;0.053304;0.034732;0.022836;0.017509;0.012269;0.005405;0.000002;0.000000;0.000000;0.000000;
0.111414;0.058699;0.032121;0.019283;0.011172;0.007271;0.004531;0.003010;0.001982;0.000595;0.000000;0.000000;
0.257848;0.168283;0.114638;0.077426;0.047165;0.025818;0.014504;0.009282;0.001650;0.000021;0.000000;0.000000;
0.198333;0.122721;0.083777;0.056318;0.041102;0.025248;0.014069;0.009899;0.006576;0.003946;0.001194;0.000000;
0.266821;0.164427;0.103698;0.062106;0.037731;0.018781;0.004592;0.000474;0.000074;0.000000;0.000000;0.000000;
0.153092;0.081786;0.050422;0.031345;0.016212;0.006529;0.001574;0.000200;0.000000;0.000000;0.000000;0.000000;
0.123154;0.062603;0.032095;0.016569;0.009807;0.005855;0.003398;0.000807;0.000213;0.000000;0.000000;0.000000;
0.222524;0.128928;0.067555;0.033337;0.014272;0.006771;0.001161;0.000009;0.000000;0.000000;0.000000;0.000000;
0.129329;0.059920;0.031149;0.011702;0.001136;0.000064;0.000002;0.000000;0.000000;0.000000;0.000000;0.000000;
0.095421;0.040676;0.017050;0.006539;0.000266;0.000000;0.000000;0.000000;0.000000;0.000000;0.000000;0.000000;
0.050143;0.021042;0.007374;0.001842;0.000002;0.000000;0.000000;0.000000;0.000000;0.000000;0.000000;0.000000;
0.097597;0.048225;0.026576;0.014265;0.006413;0.003024;0.000385;0.000000;0.000000;0.000000;0.000000;0.000000;
0.092552;0.040139;0.023147;0.012677;0.004664;0.001520;0.000559;0.000258;0.000081;0.000000;0.000000;0.000000;
0.080164;0.028158;0.008176;0.001349;0.000532;0.000050;0.000000;0.000000;0.000000;0.000000;0.000000;0.000000;
0.062629;0.021947;0.010538;0.004940;0.000787;0.000001;0.000000;0.000000;0.000000;0.000000;0.000000;0.000000;
0.183513;0.108377;0.062329;0.030956;0.010283;0.000724;0.000005;0.000000;0.000000;0.000000;0.000000;0.000000;
0.185901;0.109065;0.061599;0.030355;0.013362;0.005130;0.001489;0.000360;0.000000;0.000000;0.000000;0.000000;
0.201696;0.115027;0.063446;0.034833;0.015981;0.006152;0.002429;0.001122;0.000005;0.000000;0.000000;0.000000;
0.080961;0.040145;0.021114;0.013646;0.007394;0.000933;0.000002;0.000000;0.000000;0.000000;0.000000;0.000000;
0.208592;0.122939;0.071824;0.040221;0.018064;0.005232;0.001369;0.000246;0.000000;0.000000;0.000000;0.000000;
0.277225;0.168657;0.090050;0.052508;0.031931;0.018129;0.009257;0.003366;0.000620;0.000000;0.000000;0.000000;
0.196059;0.096820;0.049823;0.015915;0.001587;0.000000;0.000000;0.000000;0.000000;0.000000;0.000000;0.000000;
0.159663;0.081152;0.050655;0.029759;0.018369;0.009660;0.002702;0.000103;0.000000;0.000000;0.000000;0.000000;
0.111714;0.060528;0.030354;0.005106;0.000505;0.000082;0.000000;0.000000;0.000000;0.000000;0.000000;0.000000;
0.160792;0.083694;0.041878;0.017821;0.005864;0.002552;0.001415;0.000015;0.000000;0.000000;0.000000;0.000000;
0.117917;0.056978;0.023904;0.009005;0.002635;0.000386;0.000001;0.000000;0.000000;0.000000;0.000000;0.000000;
0.116106;0.055916;0.028153;0.013231;0.004149;0.000219;0.000016;0.000014;0.000009;0.000000;0.000000;0.000000;
0.118767;0.068868;0.042083;0.018704;0.007093;0.002662;0.000286;0.000000;0.000000;0.000000;0.000000;0.000000;
0.223763;0.147668;0.099143;0.067091;0.044389;0.032320;0.022498;0.014156;0.006222;0.001682;0.000647;0.000016;
0.141452;0.063153;0.027305;0.007331;0.000948;0.000010;0.000000;0.000000;0.000000;0.000000;0.000000;0.000000;
0.186151;0.123548;0.094166;0.066303;0.040216;0.022331;0.011046;0.005017;0.001591;0.000031;0.000000;0.000000;
0.162061;0.084782;0.048939;0.032806;0.024686;0.016698;0.008096;0.002789;0.001332;0.000000;0.000000;0.000000;
0.194468;0.118030;0.068675;0.039364;0.019814;0.010246;0.002513;0.000981;0.000107;0.000000;0.000000;0.000000;
0.132983;0.079155;0.050005;0.026611;0.007029;0.001374;0.000049;0.000000;0.000000;0.000000;0.000000;0.000000;
0.098510;0.058046;0.036660;0.017360;0.005171;0.001375;0.000132;0.000031;0.000000;0.000000;0.000000;0.000000;
0.107892;0.052605;0.022693;0.005806;0.000531;0.000001;0.000000;0.000000;0.000000;0.000000;0.000000;0.000000;
0.092986;0.046964;0.025982;0.013604;0.004918;0.000826;0.000001;0.000000;0.000000;0.000000;0.000000;0.000000;
0.099773;0.054036;0.031226;0.019419;0.010519;0.004896;0.000496;0.000000;0.000000;0.000000;0.000000;0.000000;
0.131162;0.063185;0.030200;0.017068;0.006889;0.000941;0.000120;0.000000;0.000000;0.000000;0.000000;0.000000;
0.064735;0.026221;0.007721;0.000539;0.000000;0.000000;0.000000;0.000000;0.000000;0.000000;0.000000;0.000000;
0.149882;0.086834;0.054672;0.029030;0.007568;0.000563;0.000040;0.000000;0.000000;0.000000;0.000000;0.000000;
0.089257;0.037192;0.011955;0.003919;0.000058;0.000000;0.000000;0.000000;0.000000;0.000000;0.000000;0.000000;
0.052900;0.015739;0.002116;0.000218;0.000005;0.000000;0.000000;0.000000;0.000000;0.000000;0.000000;0.000000;
0.070520;0.036042;0.016851;0.007018;0.004669;0.003380;0.001517;0.000074;0.000002;0.000000;0.000000;0.000000;
0.094328;0.051624;0.033279;0.024796;0.018528;0.012965;0.007398;0.004242;0.002338;0.000195;0.000000;0.000000;
0.162278;0.095792;0.061121;0.037957;0.023273;0.014027;0.006265;0.003267;0.001642;0.000516;0.000087;0.000000;
0.060472;0.024507;0.009105;0.002014;0.000391;0.000016;0.000000;0.000000;0.000000;0.000000;0.000000;0.000000;
0.159638;0.104347;0.070126;0.043072;0.021276;0.012171;0.005842;0.001851;0.000227;0.000000;0.000000;0.000000;
0.092696;0.044262;0.023162;0.013078;0.007661;0.003204;0.000313;0.000020;0.000000;0.000000;0.000000;0.000000;
0.104227;0.043475;0.011426;0.002726;0.000215;0.000000;0.000000;0.000000;0.000000;0.000000;0.000000;0.000000;
0.142757;0.074117;0.041279;0.023776;0.013541;0.007823;0.003096;0.000843;0.000002;0.000000;0.000000;0.000000;
0.050898;0.016927;0.007018;0.002856;0.002029;0.001655;0.001352;0.001044;0.000401;0.000000;0.000000;0.000000;
0.093511;0.041196;0.017211;0.005347;0.000703;0.000000;0.000000;0.000000;0.000000;0.000000;0.000000;0.000000;
0.098072;0.045765;0.020316;0.005686;0.000662;0.000012;0.000000;0.000000;0.000000;0.000000;0.000000;0.000000;
0.238432;0.133605;0.080173;0.045729;0.021099;0.009379;0.003650;0.001470;0.000500;0.000010;0.000000;0.000000;
0.142217;0.069716;0.031479;0.013127;0.003860;0.000716;0.000049;0.000000;0.000000;0.000000;0.000000;0.000000;
0.110063;0.049542;0.023989;0.009948;0.004670;0.001853;0.000697;0.000000;0.000000;0.000000;0.000000;0.000000;
0.208631;0.126693;0.075319;0.045566;0.028156;0.018624;0.012208;0.006440;0.001145;0.000000;0.000000;0.000000;
0.242488;0.138305;0.074670;0.036925;0.015761;0.007407;0.003062;0.000119;0.000000;0.000000;0.000000;0.000000;
0.157394;0.081392;0.046132;0.024269;0.011492;0.004702;0.000892;0.000049;0.000000;0.000000;0.000000;0.000000;
0.189805;0.118502;0.085948;0.064887;0.049995;0.036613;0.027242;0.013066;0.001146;0.000002;0.000000;0.000000;
0.116255;0.055956;0.030050;0.011456;0.000877;0.000004;0.000000;0.000000;0.000000;0.000000;0.000000;0.000000;
0.074504;0.038709;0.018079;0.004916;0.000299;0.000000;0.000000;0.000000;0.000000;0.000000;0.000000;0.000000;
0.174478;0.086012;0.041075;0.020983;0.010036;0.003052;0.000277;0.000000;0.000000;0.000000;0.000000;0.000000;
0.071000;0.029811;0.015738;0.005412;0.000794;0.000048;0.000026;0.000025;0.000009;0.000000;0.000000;0.000000;
0.101374;0.054991;0.029109;0.016019;0.009941;0.005554;0.001919;0.000168;0.000000;0.000000;0.000000;0.000000;
0.167691;0.100520;0.058262;0.034567;0.018407;0.008440;0.005916;0.004791;0.003557;0.001951;0.000093;0.000000;
0.119600;0.055877;0.016906;0.003293;0.000100;0.000000;0.000000;0.000000;0.000000;0.000000;0.000000;0.000000;
0.116442;0.054215;0.021478;0.010469;0.005069;0.002655;0.000243;0.000000;0.000000;0.000000;0.000000;0.000000;
0.116252;0.068238;0.042343;0.026522;0.018977;0.014073;0.009134;0.005624;0.004143;0.003129;0.001825;0.000003;
0.062131;0.026239;0.009302;0.002964;0.000470;0.000079;0.000050;0.000047;0.000007;0.000000;0.000000;0.000000;
0.087278;0.043305;0.018885;0.007955;0.002910;0.000321;0.000000;0.000000;0.000000;0.000000;0.000000;0.000000;
0.178073;0.097076;0.056727;0.031252;0.015064;0.005146;0.000404;0.000000;0.000000;0.000000;0.000000;0.000000;
0.094745;0.044167;0.015454;0.004120;0.001088;0.000012;0.000000;0.000000;0.000000;0.000000;0.000000;0.000000;
0.169922;0.093217;0.048972;0.027063;0.014160;0.006714;0.004360;0.002176;0.000296;0.000000;0.000000;0.000000;
0.097115;0.054059;0.031529;0.017738;0.009071;0.004174;0.000785;0.000002;0.000000;0.000000;0.000000;0.000000;
0.075455;0.032010;0.008961;0.001914;0.000126;0.000055;0.000030;0.000014;0.000000;0.000000;0.000000;0.000000;
0.119489;0.069950;0.043993;0.024843;0.010140;0.001641;0.000197;0.000000;0.000000;0.000000;0.000000;0.000000;
0.261761;0.170709;0.105909;0.060076;0.029066;0.013200;0.004278;0.001337;0.000641;0.000433;0.000265;0.000033;
0.235354;0.148915;0.092235;0.058205;0.033851;0.018619;0.008813;0.004230;0.001702;0.001073;0.000764;0.000547;
0.232010;0.126249;0.074959;0.035271;0.013659;0.003137;0.000143;0.000000;0.000000;0.000000;0.000000;0.000000;
0.116640;0.054311;0.024313;0.009119;0.002748;0.001017;0.000150;0.000000;0.000000;0.000000;0.000000;0.000000;
0.143777;0.086105;0.051305;0.032144;0.016173;0.006705;0.001800;0.000061;0.000000;0.000000;0.000000;0.000000;
0.060252;0.026293;0.010545;0.004924;0.002044;0.000757;0.000305;0.000071;0.000000;0.000000;0.000000;0.000000;
0.082480;0.037677;0.011149;0.002412;0.000520;0.000020;0.000000;0.000000;0.000000;0.000000;0.000000;0.000000;
0.081335;0.050536;0.035827;0.022707;0.013773;0.008336;0.003923;0.000917;0.000130;0.000000;0.000000;0.000000;
0.105046;0.053324;0.024475;0.011165;0.005025;0.002263;0.000303;0.000008;0.000000;0.000000;0.000000;0.000000;
0.070449;0.030258;0.015609;0.007534;0.002359;0.000009;0.000000;0.000000;0.000000;0.000000;0.000000;0.000000;
0.141711;0.087215;0.055316;0.032228;0.019308;0.007209;0.001795;0.000530;0.000000;0.000000;0.000000;0.000000;
0.133070;0.070597;0.038630;0.026009;0.021050;0.016761;0.013668;0.010930;0.003396;0.000062;0.000000;0.000000;
0.173793;0.092541;0.059967;0.036571;0.019592;0.011438;0.006568;0.001631;0.000012;0.000000;0.000000;0.000000;
0.153745;0.077347;0.043220;0.025290;0.015726;0.010887;0.006388;0.003227;0.001463;0.000206;0.000000;0.000000;
0.071556;0.030540;0.014776;0.004889;0.000092;0.000000;0.000000;0.000000;0.000000;0.000000;0.000000;0.000000;
0.151957;0.101194;0.071021;0.045609;0.025687;0.012522;0.003563;0.000653;0.000000;0.000000;0.000000;0.000000;
0.129697;0.078116;0.047457;0.027342;0.011413;0.006469;0.005118;0.003600;0.000864;0.000000;0.000000;0.000000;
0.186037;0.117367;0.090125;0.070577;0.054963;0.041979;0.034629;0.025528;0.015103;0.002911;0.000012;0.000000;
0.113095;0.054499;0.024205;0.006817;0.000472;0.000023;0.000000;0.000000;0.000000;0.000000;0.000000;0.000000;
0.069622;0.041672;0.025632;0.019052;0.014351;0.009765;0.005391;0.000748;0.000000;0.000000;0.000000;0.000000;
0.077882;0.034966;0.016041;0.007329;0.001565;0.000033;0.000000;0.000000;0.000000;0.000000;0.000000;0.000000;
0.143441;0.078612;0.034963;0.011630;0.002446;0.000086;0.000000;0.000000;0.000000;0.000000;0.000000;0.000000;
0.092543;0.050337;0.023829;0.010313;0.002001;0.000044;0.000000;0.000000;0.000000;0.000000;0.000000;0.000000;
0.125725;0.076649;0.041050;0.017928;0.006718;0.002419;0.000686;0.000000;0.000000;0.000000;0.000000;0.000000;
0.126904;0.055697;0.020928;0.004492;0.000579;0.000197;0.000017;0.000000;0.000000;0.000000;0.000000;0.000000;
0.096017;0.043396;0.015180;0.004441;0.000831;0.000000;0.000000;0.000000;0.000000;0.000000;0.000000;0.000000;
0.174499;0.098370;0.056246;0.032005;0.015483;0.006666;0.002437;0.000110;0.000000;0.000000;0.000000;0.000000;
0.191028;0.098670;0.050482;0.022374;0.009971;0.004045;0.002527;0.001824;0.000957;0.000047;0.000000;0.000000;
0.184685;0.104807;0.065119;0.038786;0.022569;0.011138;0.003464;0.000141;0.000000;0.000000;0.000000;0.000000;
0.239170;0.137581;0.084264;0.043649;0.021933;0.006760;0.000483;0.000258;0.000000;0.000000;0.000000;0.000000;
0.160431;0.064081;0.030297;0.012718;0.003281;0.000048;0.000001;0.000000;0.000000;0.000000;0.000000;0.000000;
0.092444;0.032622;0.012996;0.005192;0.000310;0.000000;0.000000;0.000000;0.000000;0.000000;0.000000;0.000000;
0.134325;0.083076;0.049663;0.025113;0.012496;0.006947;0.002762;0.001324;0.000489;0.000008;0.000000;0.000000;
0.161529;0.074769;0.023854;0.005245;0.002089;0.000564;0.000259;0.000099;0.000000;0.000000;0.000000;0.000000;
0.162521;0.099891;0.056609;0.034470;0.020067;0.012967;0.007637;0.003362;0.000862;0.000222;0.000000;0.000000;
0.197769;0.126124;0.078363;0.042203;0.018184;0.004486;0.000137;0.000000;0.000000;0.000000;0.000000;0.000000;
0.195461;0.110690;0.064321;0.039421;0.023610;0.012588;0.006289;0.001545;0.000022;0.000001;0.000000;0.000000;
0.179200;0.086463;0.040293;0.018717;0.007514;0.001769;0.000194;0.000035;0.000000;0.000000;0.000000;0.000000;
0.201420;0.126584;0.078114;0.039669;0.015000;0.002411;0.000024;0.000000;0.000000;0.000000;0.000000;0.000000;
0.128661;0.071905;0.040953;0.025059;0.012635;0.003296;0.000308;0.000000;0.000000;0.000000;0.000000;0.000000;
0.140381;0.071821;0.032471;0.013933;0.002562;0.000486;0.000123;0.000003;0.000000;0.000000;0.000000;0.000000;
0.153306;0.067521;0.021339;0.003713;0.000248;0.000011;0.000000;0.000000;0.000000;0.000000;0.000000;0.000000;
0.149749;0.080386;0.049833;0.032731;0.018224;0.009095;0.005782;0.003180;0.000510;0.000144;0.000038;0.000000;
0.120725;0.046087;0.019555;0.011094;0.004864;0.001674;0.000546;0.000307;0.000000;0.000000;0.000000;0.000000;
0.119459;0.065314;0.038946;0.024249;0.014087;0.008663;0.003614;0.001089;0.000066;0.000000;0.000000;0.000000;
0.159065;0.089537;0.060395;0.041200;0.025305;0.013586;0.008978;0.006481;0.004224;0.001166;0.000033;0.000000;
0.106353;0.048044;0.018087;0.005298;0.000105;0.000000;0.000000;0.000000;0.000000;0.000000;0.000000;0.000000;
0.116999;0.063415;0.031198;0.012063;0.005256;0.001736;0.000501;0.000179;0.000031;0.000000;0.000000;0.000000;
0.074964;0.028327;0.008577;0.000834;0.000000;0.000000;0.000000;0.000000;0.000000;0.000000;0.000000;0.000000;
0.139973;0.077615;0.037989;0.013967;0.001931;0.000033;0.000000;0.000000;0.000000;0.000000;0.000000;0.000000;
0.252897;0.158536;0.114326;0.085510;0.064975;0.051556;0.039759;0.028704;0.014060;0.005548;0.002587;0.001098;
0.110294;0.057178;0.032394;0.013543;0.002108;0.000033;0.000000;0.000000;0.000000;0.000000;0.000000;0.000000;
0.078593;0.027107;0.008978;0.002810;0.000225;0.000004;0.000000;0.000000;0.000000;0.000000;0.000000;0.000000;
0.169771;0.112954;0.085294;0.068264;0.056315;0.047299;0.038996;0.031795;0.020675;0.013149;0.009921;0.004466;
0.176685;0.105437;0.062007;0.028676;0.011842;0.003713;0.000458;0.000022;0.000000;0.000000;0.000000;0.000000;
0.196938;0.098336;0.048936;0.019519;0.005503;0.001592;0.000283;0.000069;0.000000;0.000000;0.000000;0.000000;
0.147179;0.072148;0.034515;0.015927;0.008041;0.004099;0.000857;0.000000;0.000000;0.000000;0.000000;0.000000;
0.094167;0.040091;0.013391;0.003656;0.000582;0.000000;0.000000;0.000000;0.000000;0.000000;0.000000;0.000000;
0.128978;0.072500;0.044230;0.024515;0.014559;0.007367;0.001950;0.000191;0.000000;0.000000;0.000000;0.000000;
0.160919;0.095308;0.057450;0.033328;0.015101;0.006173;0.002500;0.000468;0.000000;0.000000;0.000000;0.000000;
0.098628;0.044650;0.016890;0.005432;0.002690;0.001022;0.000021;0.000000;0.000000;0.000000;0.000000;0.000000;
0.184632;0.101396;0.064053;0.030887;0.007809;0.001143;0.000361;0.000150;0.000009;0.000001;0.000000;0.000000;
0.087199;0.031903;0.006224;0.000496;0.000000;0.000000;0.000000;0.000000;0.000000;0.000000;0.000000;0.000000;
0.140737;0.077607;0.042834;0.019944;0.010875;0.003360;0.000420;0.000007;0.000000;0.000000;0.000000;0.000000;
0.116786;0.064295;0.039085;0.024105;0.010276;0.002700;0.000075;0.000000;0.000000;0.000000;0.000000;0.000000;
0.139360;0.087819;0.054163;0.037380;0.024940;0.015549;0.007522;0.004180;0.003045;0.001549;0.000004;0.000000;
0.149615;0.088303;0.045627;0.024829;0.012295;0.003548;0.000747;0.000004;0.000000;0.000000;0.000000;0.000000;
0.123790;0.060610;0.035691;0.020452;0.010468;0.004066;0.000166;0.000041;0.000012;0.000000;0.000000;0.000000;
0.209566;0.132569;0.070974;0.041604;0.022867;0.008695;0.003346;0.000893;0.000017;0.000000;0.000000;0.000000;
0.243970;0.158697;0.106521;0.070073;0.050213;0.032317;0.024840;0.015929;0.008135;0.002294;0.000378;0.000000;
0.167767;0.083462;0.032868;0.011941;0.002373;0.000186;0.000000;0.000000;0.000000;0.000000;0.000000;0.000000;
0.152289;0.091572;0.047148;0.021287;0.008982;0.002827;0.001457;0.000528;0.000068;0.000001;0.000000;0.000000;
0.172155;0.099388;0.064716;0.041023;0.026981;0.015851;0.004884;0.000939;0.000037;0.000000;0.000000;0.000000;
0.074027;0.034424;0.021294;0.014503;0.009262;0.004418;0.001538;0.000423;0.000165;0.000007;0.000000;0.000000;
0.263943;0.169470;0.093192;0.043410;0.018172;0.007393;0.004324;0.002013;0.000162;0.000000;0.000000;0.000000;
0.261082;0.151149;0.092566;0.045794;0.019299;0.008528;0.003083;0.001227;0.000330;0.000003;0.000000;0.000000;
0.109372;0.040357;0.012875;0.005871;0.002624;0.000060;0.000000;0.000000;0.000000;0.000000;0.000000;0.000000;
0.173306;0.108378;0.069559;0.042432;0.027581;0.016285;0.008575;0.003647;0.000028;0.000000;0.000000;0.000000;
0.166145;0.089153;0.044290;0.019234;0.004149;0.000063;0.000000;0.000000;0.000000;0.000000;0.000000;0.000000;
0.106289;0.048139;0.020423;0.008487;0.002244;0.000058;0.000000;0.000000;0.000000;0.000000;0.000000;0.000000;
0.120492;0.057504;0.021513;0.002882;0.000174;0.000000;0.000000;0.000000;0.000000;0.000000;0.000000;0.000000;
0.081438;0.035168;0.018550;0.008738;0.003262;0.001526;0.000106;0.000000;0.000000;0.000000;0.000000;0.000000;
0.089436;0.041517;0.014626;0.003905;0.000109;0.000011;0.000000;0.000000;0.000000;0.000000;0.000000;0.000000;
0.112207;0.053549;0.022323;0.011387;0.008211;0.005362;0.002512;0.000404;0.000000;0.000000;0.000000;0.000000;
0.103546;0.049519;0.022032;0.008809;0.002709;0.000681;0.000038;0.000000;0.000000;0.000000;0.000000;0.000000;
0.095545;0.040961;0.013945;0.004510;0.000244;0.000000;0.000000;0.000000;0.000000;0.000000;0.000000;0.000000;
0.112863;0.054813;0.026043;0.013360;0.007618;0.004042;0.000833;0.000051;0.000003;0.000000;0.000000;0.000000;
0.094586;0.048067;0.028943;0.020493;0.014184;0.009007;0.003979;0.000268;0.000000;0.000000;0.000000;0.000000;
0.157252;0.094983;0.059857;0.035859;0.016857;0.006457;0.002220;0.000390;0.000000;0.000000;0.000000;0.000000;
0.088200;0.039092;0.014795;0.004639;0.001989;0.000174;0.000000;0.000000;0.000000;0.000000;0.000000;0.000000;
0.230071;0.146723;0.085946;0.048009;0.023963;0.010996;0.004021;0.001606;0.000561;0.000001;0.000000;0.000000;
0.240485;0.152856;0.086692;0.048850;0.023700;0.011718;0.005563;0.001359;0.000000;0.000000;0.000000;0.000000;
0.204074;0.105843;0.057000;0.031375;0.017582;0.009243;0.003853;0.001577;0.000227;0.000000;0.000000;0.000000;
0.141529;0.066850;0.033349;0.014690;0.006480;0.001447;0.000515;0.000061;0.000000;0.000000;0.000000;0.000000;
0.092616;0.038250;0.010465;0.001833;0.000450;0.000180;0.000004;0.000000;0.000000;0.000000;0.000000;0.000000;
0.194755;0.108081;0.065425;0.037061;0.018014;0.008595;0.001038;0.000000;0.000000;0.000000;0.000000;0.000000;
0.169099;0.096003;0.058848;0.034703;0.020400;0.009268;0.002804;0.000156;0.000000;0.000000;0.000000;0.000000;
0.074341;0.034657;0.013187;0.004531;0.001724;0.000042;0.000000;0.000000;0.000000;0.000000;0.000000;0.000000;
0.146281;0.081391;0.039006;0.016406;0.005904;0.001406;0.000165;0.000001;0.000000;0.000000;0.000000;0.000000;
0.230673;0.149763;0.095388;0.057854;0.034155;0.019160;0.012744;0.008684;0.005023;0.002041;0.000233;0.000000;
0.164693;0.083277;0.038100;0.013615;0.005239;0.000944;0.000000;0.000000;0.000000;0.000000;0.000000;0.000000;
0.143972;0.081556;0.047773;0.032171;0.021794;0.009322;0.001689;0.000469;0.000000;0.000000;0.000000;0.000000;
0.203681;0.115112;0.062598;0.032563;0.014442;0.006682;0.003134;0.000617;0.000014;0.000000;0.000000;0.000000;
0.198497;0.119264;0.074792;0.042335;0.023776;0.013115;0.005766;0.002759;0.001367;0.000192;0.000000;0.000000;
0.215477;0.120076;0.066382;0.031353;0.012465;0.004634;0.001533;0.000773;0.000088;0.000000;0.000000;0.000000;
0.148775;0.066987;0.028049;0.008265;0.001765;0.000450;0.000014;0.000000;0.000000;0.000000;0.000000;0.000000;
0.139902;0.067495;0.029549;0.010091;0.001879;0.000403;0.000000;0.000000;0.000000;0.000000;0.000000;0.000000;
0.120114;0.059194;0.027364;0.011948;0.003777;0.000295;0.000000;0.000000;0.000000;0.000000;0.000000;0.000000;
0.126797;0.066403;0.039627;0.023336;0.011068;0.006513;0.003632;0.000638;0.000000;0.000000;0.000000;0.000000;
0.118263;0.066089;0.045724;0.024587;0.012682;0.006111;0.001236;0.000034;0.000000;0.000000;0.000000;0.000000;
0.114730;0.058358;0.033280;0.016721;0.007289;0.002503;0.000178;0.000000;0.000000;0.000000;0.000000;0.000000;
0.080035;0.035167;0.012488;0.003758;0.001513;0.000388;0.000025;0.000025;0.000008;0.000000;0.000000;0.000000;
0.081785;0.040815;0.021757;0.016021;0.012960;0.009724;0.006238;0.003659;0.002369;0.001527;0.001035;0.000589;
0.190769;0.116217;0.073095;0.038727;0.018644;0.004109;0.000328;0.000000;0.000000;0.000000;0.000000;0.000000;
0.163035;0.096156;0.049532;0.028168;0.017482;0.009873;0.005405;0.001918;0.000066;0.000000;0.000000;0.000000;
0.158453;0.093146;0.053942;0.032719;0.018862;0.010868;0.005946;0.003018;0.000967;0.000000;0.000000;0.000000;
0.101957;0.057639;0.035570;0.022981;0.013387;0.004546;0.000516;0.000152;0.000024;0.000000;0.000000;0.000000;
0.166339;0.087186;0.053940;0.034737;0.023579;0.016822;0.012229;0.008597;0.005858;0.004348;0.002260;0.000658;
0.073554;0.030833;0.013026;0.004473;0.000853;0.000043;0.000000;0.000000;0.000000;0.000000;0.000000;0.000000;
0.116446;0.058326;0.022855;0.005825;0.000917;0.000004;0.000000;0.000000;0.000000;0.000000;0.000000;0.000000;
0.088318;0.035601;0.011687;0.004023;0.002265;0.000535;0.000000;0.000000;0.000000;0.000000;0.000000;0.000000;
0.125627;0.072617;0.042837;0.023480;0.010840;0.004001;0.000371;0.000000;0.000000;0.000000;0.000000;0.000000;
0.098062;0.045195;0.013709;0.001839;0.000125;0.000000;0.000000;0.000000;0.000000;0.000000;0.000000;0.000000;
0.106519;0.047904;0.024455;0.014464;0.007325;0.003253;0.001156;0.000421;0.000004;0.000000;0.000000;0.000000;
0.100470;0.047688;0.022543;0.009350;0.001261;0.000143;0.000018;0.000000;0.000000;0.000000;0.000000;0.000000;
0.176324;0.097517;0.046267;0.018548;0.005986;0.001163;0.000054;0.000000;0.000000;0.000000;0.000000;0.000000;
0.164748;0.088570;0.045634;0.015732;0.003466;0.001633;0.000401;0.000000;0.000000;0.000000;0.000000;0.000000;
0.103120;0.057054;0.034801;0.017492;0.010033;0.006112;0.001908;0.000133;0.000000;0.000000;0.000000;0.000000;
0.158303;0.102159;0.067536;0.050448;0.036207;0.022266;0.010864;0.005864;0.000909;0.000002;0.000000;0.000000;
0.197174;0.106733;0.053012;0.027135;0.016332;0.008163;0.003989;0.001858;0.000838;0.000007;0.000000;0.000000;
0.078447;0.031905;0.010375;0.004514;0.002502;0.001576;0.000587;0.000000;0.000000;0.000000;0.000000;0.000000;
0.054225;0.020429;0.006227;0.001262;0.000010;0.000000;0.000000;0.000000;0.000000;0.000000;0.000000;0.000000;
0.098625;0.051108;0.028279;0.010042;0.002703;0.001012;0.000106;0.000000;0.000000;0.000000;0.000000;0.000000;
0.141126;0.078896;0.044851;0.023330;0.011622;0.005600;0.002867;0.000321;0.000000;0.000000;0.000000;0.000000;
0.155713;0.096989;0.065699;0.038333;0.017442;0.009193;0.003860;0.002246;0.000607;0.000000;0.000000;0.000000;
0.115256;0.054102;0.026322;0.013043;0.006270;0.003040;0.000384;0.000000;0.000000;0.000000;0.000000;0.000000;
0.055543;0.012276;0.002266;0.000936;0.000681;0.000455;0.000209;0.000046;0.000001;0.000000;0.000000;0.000000;
0.046481;0.019941;0.009474;0.003771;0.000573;0.000000;0.000000;0.000000;0.000000;0.000000;0.000000;0.000000;
0.077828;0.035540;0.012068;0.003585;0.000235;0.000000;0.000000;0.000000;0.000000;0.000000;0.000000;0.000000;
0.134848;0.069235;0.028717;0.007592;0.000884;0.000251;0.000053;0.000000;0.000000;0.000000;0.000000;0.000000;
0.098186;0.042232;0.023261;0.013013;0.006587;0.002438;0.000926;0.000114;0.000000;0.000000;0.000000;0.000000;
0.125511;0.071648;0.042077;0.024727;0.015918;0.009132;0.004998;0.002702;0.000177;0.000000;0.000000;0.000000;
0.209520;0.130703;0.089525;0.058324;0.034313;0.016687;0.005868;0.002066;0.000604;0.000000;0.000000;0.000000;
0.169048;0.090039;0.045442;0.021318;0.008519;0.002194;0.000365;0.000028;0.000000;0.000000;0.000000;0.000000;
0.203420;0.128333;0.089360;0.059137;0.038282;0.030187;0.019561;0.010225;0.005285;0.002826;0.000905;0.000000;
0.074874;0.028579;0.008076;0.001922;0.000035;0.000000;0.000000;0.000000;0.000000;0.000000;0.000000;0.000000;
0.119586;0.077258;0.050356;0.035149;0.025859;0.020016;0.018309;0.016453;0.014317;0.010913;0.003765;0.001249;
0.067675;0.036828;0.020449;0.010451;0.005846;0.002233;0.000082;0.000000;0.000000;0.000000;0.000000;0.000000;
0.107841;0.052928;0.021148;0.002448;0.000717;0.000168;0.000035;0.000000;0.000000;0.000000;0.000000;0.000000;
0.054490;0.020345;0.007926;0.002866;0.000565;0.000094;0.000000;0.000000;0.000000;0.000000;0.000000;0.000000;
0.062396;0.023262;0.004834;0.000228;0.000000;0.000000;0.000000;0.000000;0.000000;0.000000;0.000000;0.000000;
0.106953;0.055273;0.033533;0.016006;0.009033;0.003387;0.000118;0.000000;0.000000;0.000000;0.000000;0.000000;
0.072000;0.028104;0.012204;0.004671;0.002257;0.000607;0.000000;0.000000;0.000000;0.000000;0.000000;0.000000;
0.091380;0.046911;0.026874;0.015543;0.008982;0.005685;0.003508;0.001285;0.000129;0.000030;0.000000;0.000000;
0.114651;0.061178;0.030253;0.014948;0.005947;0.002426;0.001402;0.000460;0.000008;0.000000;0.000000;0.000000;
0.071629;0.022400;0.006709;0.000230;0.000013;0.000000;0.000000;0.000000;0.000000;0.000000;0.000000;0.000000;
0.228587;0.114244;0.065613;0.045538;0.029142;0.018226;0.010301;0.006267;0.002576;0.000004;0.000000;0.000000;
0.160914;0.063090;0.031566;0.018211;0.012115;0.008219;0.004811;0.000202;0.000000;0.000000;0.000000;0.000000;
0.259431;0.133384;0.066156;0.032160;0.015220;0.006691;0.002252;0.000972;0.000157;0.000000;0.000000;0.000000;
0.319957;0.131939;0.058041;0.027025;0.014683;0.007211;0.004837;0.002625;0.000990;0.000024;0.000000;0.000000;
0.355490;0.197395;0.129732;0.094253;0.066667;0.048276;0.035158;0.021910;0.011493;0.006914;0.002270;0.001230;
0.216700;0.106585;0.061192;0.040579;0.031017;0.025066;0.019599;0.015931;0.013351;0.010143;0.005318;0.002894;
0.318315;0.174584;0.106420;0.065793;0.042989;0.030104;0.021454;0.016096;0.012063;0.009576;0.003480;0.000255;
0.257154;0.114150;0.050518;0.028464;0.019911;0.016765;0.014208;0.011496;0.009145;0.006973;0.003011;0.000068;
0.216074;0.117537;0.086599;0.073436;0.061859;0.052762;0.043658;0.031977;0.021949;0.012125;0.003784;0.000200;
0.143706;0.053971;0.020186;0.011712;0.009161;0.007489;0.006404;0.005739;0.005028;0.003911;0.001418;0.000004;
0.107943;0.042271;0.016803;0.004799;0.000761;0.000201;0.000146;0.000126;0.000109;0.000062;0.000004;0.000000;
0.124771;0.056653;0.021874;0.008095;0.002563;0.000175;0.000034;0.000025;0.000022;0.000001;0.000000;0.000000;
0.100748;0.040742;0.016344;0.006795;0.003290;0.000991;0.000139;0.000098;0.000047;0.000000;0.000000;0.000000;
0.108867;0.048292;0.021783;0.010641;0.003480;0.001680;0.000476;0.000009;0.000000;0.000000;0.000000;0.000000;
0.087553;0.029742;0.011232;0.004175;0.001774;0.000992;0.000120;0.000000;0.000000;0.000000;0.000000;0.000000;
0.141279;0.069876;0.034454;0.014276;0.004162;0.001565;0.000046;0.000000;0.000000;0.000000;0.000000;0.000000;
0.108095;0.049903;0.014837;0.003969;0.000767;0.000071;0.000000;0.000000;0.000000;0.000000;0.000000;0.000000;
0.077180;0.033155;0.013252;0.003332;0.000117;0.000000;0.000000;0.000000;0.000000;0.000000;0.000000;0.000000;
0.136744;0.067869;0.039010;0.025639;0.017550;0.011214;0.006804;0.003076;0.000559;0.000000;0.000000;0.000000;
0.276321;0.180955;0.108798;0.054759;0.024626;0.007968;0.000781;0.000000;0.000000;0.000000;0.000000;0.000000;
0.256325;0.149647;0.090240;0.045854;0.019686;0.010173;0.003825;0.001414;0.000678;0.000101;0.000000;0.000000;
0.098902;0.026590;0.006659;0.000294;0.000000;0.000000;0.000000;0.000000;0.000000;0.000000;0.000000;0.000000;
0.212593;0.108861;0.056960;0.033727;0.017923;0.009202;0.005065;0.003135;0.000668;0.000000;0.000000;0.000000;
0.165586;0.071849;0.022368;0.002971;0.000030;0.000000;0.000000;0.000000;0.000000;0.000000;0.000000;0.000000;
0.115909;0.051846;0.020299;0.008664;0.003525;0.001140;0.000173;0.000049;0.000000;0.000000;0.000000;0.000000;
0.240272;0.161831;0.117531;0.084671;0.056343;0.030525;0.012458;0.007854;0.000881;0.000000;0.000000;0.000000;
0.169482;0.103652;0.070171;0.045865;0.024031;0.015676;0.009442;0.002065;0.000016;0.000000;0.000000;0.000000;
0.187423;0.125356;0.084148;0.052826;0.029008;0.012779;0.008434;0.006041;0.001966;0.000000;0.000000;0.000000;
0.236493;0.151429;0.091761;0.053077;0.029028;0.010321;0.000681;0.000003;0.000000;0.000000;0.000000;0.000000;
0.234449;0.137075;0.078824;0.045388;0.023457;0.011847;0.007183;0.002067;0.000003;0.000000;0.000000;0.000000;
0.221381;0.131686;0.074195;0.036914;0.014306;0.004347;0.000656;0.000082;0.000051;0.000001;0.000000;0.000000;
0.139763;0.085525;0.037280;0.012367;0.002913;0.000368;0.000055;0.000000;0.000000;0.000000;0.000000;0.000000;
0.134539;0.078938;0.040288;0.016363;0.004212;0.000178;0.000004;0.000000;0.000000;0.000000;0.000000;0.000000;
0.125722;0.065379;0.025100;0.011274;0.003084;0.000329;0.000000;0.000000;0.000000;0.000000;0.000000;0.000000;
0.219354;0.136647;0.090751;0.054749;0.027837;0.014278;0.007844;0.004703;0.002020;0.000000;0.000000;0.000000;
0.155340;0.083538;0.047044;0.025047;0.010658;0.004921;0.001060;0.000000;0.000000;0.000000;0.000000;0.000000;
0.112728;0.048276;0.020219;0.005339;0.000858;0.000115;0.000042;0.000041;0.000039;0.000000;0.000000;0.000000;
0.035072;0.007775;0.001190;0.000004;0.000000;0.000000;0.000000;0.000000;0.000000;0.000000;0.000000;0.000000;
0.066500;0.029806;0.009223;0.000773;0.000002;0.000000;0.000000;0.000000;0.000000;0.000000;0.000000;0.000000;
0.109252;0.051221;0.020342;0.009182;0.005221;0.003056;0.001606;0.000474;0.000020;0.000000;0.000000;0.000000;
0.106213;0.052563;0.031437;0.015011;0.005306;0.001663;0.000014;0.000000;0.000000;0.000000;0.000000;0.000000;
0.113885;0.057245;0.028564;0.013462;0.005388;0.002536;0.001964;0.001455;0.000929;0.000194;0.000000;0.000000;
0.171363;0.114847;0.080174;0.053583;0.031581;0.016500;0.008149;0.003556;0.000219;0.000000;0.000000;0.000000;
0.088376;0.043958;0.018709;0.003232;0.000154;0.000000;0.000000;0.000000;0.000000;0.000000;0.000000;0.000000;
0.091986;0.047428;0.022899;0.012296;0.006776;0.003076;0.000126;0.000000;0.000000;0.000000;0.000000;0.000000;
0.125957;0.070073;0.031447;0.008856;0.003311;0.001570;0.000710;0.000194;0.000024;0.000000;0.000000;0.000000;
0.205586;0.132833;0.084140;0.044854;0.024494;0.010526;0.003912;0.001011;0.000000;0.000000;0.000000;0.000000;
0.154924;0.092981;0.061661;0.041003;0.023011;0.010694;0.004936;0.001383;0.000000;0.000000;0.000000;0.000000;
0.220530;0.145811;0.107694;0.072870;0.043594;0.025508;0.013549;0.001523;0.000127;0.000000;0.000000;0.000000;
0.148438;0.082421;0.048571;0.025352;0.009855;0.001737;0.000068;0.000000;0.000000;0.000000;0.000000;0.000000;
0.083891;0.043713;0.021874;0.011964;0.006485;0.001259;0.000091;0.000000;0.000000;0.000000;0.000000;0.000000;
0.148408;0.098103;0.066962;0.044897;0.028746;0.015102;0.008462;0.004315;0.001261;0.000206;0.000000;0.000000;
0.152286;0.087950;0.050496;0.026354;0.006576;0.000485;0.000002;0.000000;0.000000;0.000000;0.000000;0.000000;
0.128534;0.085320;0.062490;0.046546;0.034692;0.024999;0.016662;0.007217;0.003824;0.001981;0.000668;0.000000;
0.202115;0.099017;0.051926;0.025021;0.012352;0.005562;0.000047;0.000000;0.000000;0.000000;0.000000;0.000000;
0.156952;0.071125;0.031011;0.010308;0.002195;0.000294;0.000050;0.000038;0.000013;0.000000;0.000000;0.000000;
0.120125;0.051316;0.029472;0.016817;0.007037;0.002370;0.000781;0.000036;0.000000;0.000000;0.000000;0.000000;
0.235445;0.149716;0.100326;0.066086;0.034803;0.009308;0.002629;0.000811;0.000000;0.000000;0.000000;0.000000;
0.186952;0.121453;0.076895;0.040295;0.020590;0.008929;0.002170;0.000771;0.000264;0.000001;0.000000;0.000000;
0.147781;0.068220;0.026493;0.005774;0.000110;0.000000;0.000000;0.000000;0.000000;0.000000;0.000000;0.000000;
0.156724;0.092203;0.048733;0.023411;0.008925;0.002194;0.000028;0.000000;0.000000;0.000000;0.000000;0.000000;
0.096544;0.037298;0.006445;0.000488;0.000031;0.000014;0.000011;0.000010;0.000003;0.000001;0.000000;0.000000;
0.098747;0.039080;0.012998;0.004285;0.000715;0.000002;0.000000;0.000000;0.000000;0.000000;0.000000;0.000000;
0.102883;0.048278;0.018212;0.008240;0.002454;0.000028;0.000000;0.000000;0.000000;0.000000;0.000000;0.000000;
0.094878;0.047321;0.026189;0.015104;0.009003;0.005601;0.003580;0.001137;0.000010;0.000000;0.000000;0.000000;
0.167171;0.099928;0.053417;0.022803;0.005978;0.000833;0.000012;0.000000;0.000000;0.000000;0.000000;0.000000;
0.208385;0.122065;0.062944;0.026444;0.011247;0.005608;0.001576;0.000085;0.000000;0.000000;0.000000;0.000000;
0.195589;0.112833;0.056507;0.026164;0.010051;0.002229;0.000072;0.000000;0.000000;0.000000;0.000000;0.000000;
0.185879;0.105167;0.068978;0.052525;0.041195;0.031051;0.024021;0.014714;0.007832;0.004898;0.001621;0.000007;
0.156740;0.077314;0.041153;0.018828;0.006528;0.002954;0.000832;0.000202;0.000013;0.000000;0.000000;0.000000;
0.147823;0.082397;0.042692;0.017447;0.006667;0.002256;0.000262;0.000000;0.000000;0.000000;0.000000;0.000000;
0.160581;0.097965;0.061192;0.039606;0.024504;0.008965;0.002696;0.000027;0.000000;0.000000;0.000000;0.000000;
0.127422;0.050783;0.024527;0.013661;0.007933;0.003759;0.001866;0.000043;0.000000;0.000000;0.000000;0.000000;
0.082829;0.040417;0.020586;0.012161;0.006607;0.002255;0.000233;0.000000;0.000000;0.000000;0.000000;0.000000;
0.152633;0.093877;0.052602;0.027150;0.010608;0.003390;0.001700;0.000094;0.000000;0.000000;0.000000;0.000000;
0.091303;0.042918;0.017553;0.006733;0.002895;0.000599;0.000000;0.000000;0.000000;0.000000;0.000000;0.000000;
0.079415;0.035819;0.015553;0.003932;0.000046;0.000000;0.000000;0.000000;0.000000;0.000000;0.000000;0.000000;
0.098273;0.048671;0.020705;0.005817;0.000196;0.000000;0.000000;0.000000;0.000000;0.000000;0.000000;0.000000;
0.185141;0.104755;0.058164;0.029287;0.008799;0.001712;0.000458;0.000064;0.000001;0.000000;0.000000;0.000000;
0.121533;0.079600;0.051429;0.027674;0.012384;0.003474;0.000000;0.000000;0.000000;0.000000;0.000000;0.000000;
0.144395;0.082827;0.043894;0.020873;0.004849;0.000333;0.000028;0.000025;0.000015;0.000000;0.000000;0.000000;
0.131209;0.073533;0.046188;0.028320;0.017818;0.010599;0.004843;0.001043;0.000007;0.000000;0.000000;0.000000;
0.213041;0.133698;0.100590;0.083752;0.070938;0.060604;0.052894;0.041183;0.026664;0.017713;0.014242;0.009183;
0.079227;0.034810;0.013544;0.004474;0.002017;0.000512;0.000002;0.000000;0.000000;0.000000;0.000000;0.000000;
0.097556;0.056764;0.027007;0.008544;0.000372;0.000029;0.000000;0.000000;0.000000;0.000000;0.000000;0.000000;
0.194180;0.118480;0.078410;0.053602;0.033819;0.019940;0.011374;0.004907;0.001037;0.000046;0.000000;0.000000;
0.074983;0.032607;0.017351;0.009064;0.004591;0.002771;0.001239;0.000102;0.000080;0.000003;0.000000;0.000000;
0.080911;0.039998;0.018590;0.004616;0.000346;0.000072;0.000000;0.000000;0.000000;0.000000;0.000000;0.000000;
0.071621;0.033240;0.012753;0.003532;0.000263;0.000002;0.000000;0.000000;0.000000;0.000000;0.000000;0.000000;
0.103486;0.054180;0.034957;0.023745;0.015175;0.008344;0.004640;0.002935;0.000659;0.000120;0.000061;0.000000;
0.119328;0.061467;0.027346;0.010343;0.002839;0.000131;0.000000;0.000000;0.000000;0.000000;0.000000;0.000000;
0.043084;0.013048;0.006146;0.003402;0.001241;0.000036;0.000000;0.000000;0.000000;0.000000;0.000000;0.000000;
0.119735;0.075521;0.047429;0.026235;0.011519;0.004936;0.001933;0.000047;0.000000;0.000000;0.000000;0.000000;
0.101287;0.049255;0.021624;0.012806;0.002819;0.000117;0.000000;0.000000;0.000000;0.000000;0.000000;0.000000;
0.132959;0.072155;0.032819;0.015732;0.004479;0.000674;0.000065;0.000000;0.000000;0.000000;0.000000;0.000000;
0.161449;0.103180;0.061210;0.038532;0.024338;0.014345;0.009614;0.007332;0.004844;0.002335;0.000000;0.000000;
0.073279;0.030509;0.007797;0.001482;0.000029;0.000000;0.000000;0.000000;0.000000;0.000000;0.000000;0.000000;
0.148316;0.083410;0.048673;0.028806;0.015056;0.007027;0.002905;0.000282;0.000003;0.000000;0.000000;0.000000;
0.101265;0.057396;0.028515;0.007765;0.001861;0.000278;0.000005;0.000000;0.000000;0.000000;0.000000;0.000000;
0.183728;0.112536;0.079667;0.059674;0.043640;0.024855;0.010065;0.005686;0.002359;0.000161;0.000000;0.000000;
0.126019;0.058057;0.027192;0.012248;0.002233;0.000303;0.000003;0.000000;0.000000;0.000000;0.000000;0.000000;
0.166608;0.078978;0.031175;0.011630;0.004043;0.000638;0.000004;0.000000;0.000000;0.000000;0.000000;0.000000;
0.116867;0.064277;0.036427;0.022747;0.013685;0.005079;0.002482;0.000659;0.000000;0.000000;0.000000;0.000000;
0.097346;0.047327;0.020645;0.009672;0.004055;0.001203;0.000259;0.000000;0.000000;0.000000;0.000000;0.000000;
0.046258;0.020150;0.004998;0.000857;0.000272;0.000000;0.000000;0.000000;0.000000;0.000000;0.000000;0.000000;
0.115840;0.066133;0.040680;0.023084;0.012189;0.005422;0.003005;0.001671;0.000017;0.000001;0.000000;0.000000;
0.126543;0.075030;0.038040;0.013770;0.003692;0.000390;0.000000;0.000000;0.000000;0.000000;0.000000;0.000000;
0.170625;0.103619;0.063966;0.037802;0.014809;0.005850;0.002693;0.000554;0.000005;0.000000;0.000000;0.000000;
0.076495;0.030801;0.009854;0.002781;0.001370;0.000196;0.000000;0.000000;0.000000;0.000000;0.000000;0.000000;
0.091054;0.048344;0.023800;0.010002;0.003562;0.000607;0.000002;0.000000;0.000000;0.000000;0.000000;0.000000;
0.138686;0.094477;0.065968;0.044575;0.026124;0.014405;0.006194;0.001278;0.000122;0.000000;0.000000;0.000000;
0.145991;0.086636;0.057580;0.036731;0.021868;0.015073;0.008715;0.002616;0.000497;0.000180;0.000000;0.000000;
0.239183;0.143861;0.094367;0.059319;0.034446;0.022783;0.015900;0.008305;0.005014;0.002527;0.000000;0.000000;
0.154391;0.084245;0.040923;0.017772;0.007041;0.001826;0.000162;0.000000;0.000000;0.000000;0.000000;0.000000;
0.169320;0.096723;0.058879;0.035101;0.016889;0.008238;0.002447;0.000292;0.000000;0.000000;0.000000;0.000000;
0.126525;0.071701;0.038742;0.022656;0.013548;0.006302;0.001576;0.000155;0.000000;0.000000;0.000000;0.000000;
0.108841;0.044334;0.019056;0.009036;0.004170;0.001050;0.000102;0.000000;0.000000;0.000000;0.000000;0.000000;
0.166688;0.091775;0.054780;0.027911;0.011010;0.003812;0.001959;0.000314;0.000000;0.000000;0.000000;0.000000;
0.127198;0.067768;0.036729;0.018638;0.006551;0.002000;0.000126;0.000000;0.000000;0.000000;0.000000;0.000000;
0.150866;0.090770;0.053925;0.034789;0.022247;0.014065;0.006849;0.003949;0.002397;0.000424;0.000000;0.000000;
0.268213;0.166223;0.106414;0.065027;0.034115;0.017195;0.011087;0.007773;0.005648;0.003406;0.000826;0.000000;
0.183439;0.097756;0.060124;0.040395;0.021864;0.009911;0.004588;0.001510;0.000028;0.000000;0.000000;0.000000;
0.145345;0.082065;0.049725;0.029370;0.018669;0.009702;0.004113;0.001877;0.000103;0.000000;0.000000;0.000000;
0.054944;0.021794;0.008507;0.002760;0.000979;0.000013;0.000000;0.000000;0.000000;0.000000;0.000000;0.000000;
0.098125;0.047279;0.017805;0.003641;0.000080;0.000000;0.000000;0.000000;0.000000;0.000000;0.000000;0.000000;
0.037765;0.013952;0.003018;0.000693;0.000007;0.000000;0.000000;0.000000;0.000000;0.000000;0.000000;0.000000;
0.079002;0.046828;0.025612;0.008494;0.001233;0.000177;0.000012;0.000000;0.000000;0.000000;0.000000;0.000000;
0.089705;0.047164;0.024302;0.010734;0.006831;0.004571;0.002128;0.000992;0.000036;0.000000;0.000000;0.000000;
0.075017;0.029051;0.007907;0.001168;0.000043;0.000000;0.000000;0.000000;0.000000;0.000000;0.000000;0.000000;
0.058113;0.026108;0.011688;0.004245;0.001178;0.000046;0.000000;0.000000;0.000000;0.000000;0.000000;0.000000;
0.090238;0.051223;0.027097;0.012753;0.004290;0.000458;0.000077;0.000075;0.000026;0.000000;0.000000;0.000000;
0.182962;0.121076;0.078557;0.039133;0.021424;0.012354;0.003044;0.000166;0.000000;0.000000;0.000000;0.000000;
0.143932;0.070694;0.034028;0.016911;0.003877;0.000234;0.000000;0.000000;0.000000;0.000000;0.000000;0.000000;
0.067212;0.023870;0.004876;0.001730;0.000917;0.000278;0.000000;0.000000;0.000000;0.000000;0.000000;0.000000;
0.042325;0.015710;0.004484;0.001498;0.000847;0.000097;0.000001;0.000000;0.000000;0.000000;0.000000;0.000000;
0.069226;0.033962;0.014443;0.004413;0.000654;0.000000;0.000000;0.000000;0.000000;0.000000;0.000000;0.000000;
0.151398;0.084367;0.041164;0.015601;0.006212;0.001953;0.000054;0.000023;0.000008;0.000000;0.000000;0.000000;
0.211230;0.139191;0.098278;0.070506;0.051305;0.033666;0.020930;0.014287;0.007354;0.003812;0.001323;0.000013;
0.094080;0.045855;0.016148;0.004367;0.000647;0.000075;0.000000;0.000000;0.000000;0.000000;0.000000;0.000000;
0.117391;0.061888;0.024920;0.006185;0.000713;0.000002;0.000000;0.000000;0.000000;0.000000;0.000000;0.000000;
0.139502;0.078985;0.040021;0.021031;0.011681;0.007006;0.004747;0.002873;0.001329;0.000250;0.000000;0.000000;
0.183853;0.107238;0.066148;0.034878;0.015007;0.006615;0.002059;0.000018;0.000000;0.000000;0.000000;0.000000;
0.109901;0.065511;0.032962;0.016513;0.009447;0.005381;0.002042;0.000169;0.000000;0.000000;0.000000;0.000000;
0.195661;0.129688;0.072491;0.036553;0.013981;0.005294;0.001325;0.000207;0.000010;0.000000;0.000000;0.000000;
0.148444;0.086982;0.051028;0.026489;0.013530;0.006394;0.001851;0.000009;0.000000;0.000000;0.000000;0.000000;
0.064685;0.036062;0.023225;0.011395;0.006108;0.002131;0.000252;0.000000;0.000000;0.000000;0.000000;0.000000;
0.107873;0.052534;0.026028;0.010114;0.004792;0.003161;0.001684;0.000508;0.000000;0.000000;0.000000;0.000000;
0.150655;0.078318;0.045215;0.028764;0.019661;0.015075;0.011270;0.007338;0.004019;0.001318;0.000011;0.000000;
0.166191;0.092711;0.047900;0.021634;0.009557;0.003308;0.000308;0.000000;0.000000;0.000000;0.000000;0.000000;
0.198141;0.100779;0.050560;0.022531;0.007155;0.001158;0.000251;0.000002;0.000000;0.000000;0.000000;0.000000;
0.083747;0.044410;0.019735;0.005838;0.001415;0.000081;0.000000;0.000000;0.000000;0.000000;0.000000;0.000000;
0.058172;0.025342;0.010026;0.001949;0.000135;0.000051;0.000012;0.000000;0.000000;0.000000;0.000000;0.000000;
0.152210;0.097520;0.076309;0.063560;0.054041;0.047419;0.039886;0.029492;0.021827;0.014771;0.011089;0.005907;
0.179703;0.108923;0.075367;0.049048;0.026647;0.012211;0.002849;0.000049;0.000000;0.000000;0.000000;0.000000;
0.165377;0.097472;0.060365;0.036687;0.020561;0.009122;0.002823;0.001035;0.000155;0.000000;0.000000;0.000000;
0.092706;0.043223;0.020340;0.007610;0.001764;0.000635;0.000276;0.000110;0.000008;0.000000;0.000000;0.000000;
0.246373;0.161305;0.099281;0.055612;0.028053;0.011315;0.002676;0.000758;0.000481;0.000323;0.000133;0.000000;
0.248311;0.162546;0.110065;0.070043;0.040525;0.021506;0.011938;0.006200;0.001051;0.000021;0.000000;0.000000;
0.098124;0.046944;0.023793;0.011747;0.003135;0.000097;0.000000;0.000000;0.000000;0.000000;0.000000;0.000000;
0.057459;0.024000;0.009753;0.001118;0.000008;0.000000;0.000000;0.000000;0.000000;0.000000;0.000000;0.000000;
0.164071;0.086953;0.040105;0.015161;0.003655;0.001150;0.000386;0.000095;0.000037;0.000000;0.000000;0.000000;
0.205271;0.124957;0.083033;0.047846;0.028117;0.016913;0.007444;0.001997;0.000506;0.000066;0.000000;0.000000;
0.144340;0.066853;0.037836;0.022186;0.008583;0.004731;0.003009;0.001402;0.000050;0.000000;0.000000;0.000000;
0.104450;0.051953;0.029730;0.014326;0.004326;0.000296;0.000000;0.000000;0.000000;0.000000;0.000000;0.000000;
0.225399;0.155777;0.110280;0.070967;0.042524;0.021787;0.009836;0.002259;0.000463;0.000060;0.000012;0.000000;
0.128856;0.056059;0.022344;0.003980;0.000304;0.000066;0.000037;0.000013;0.000000;0.000000;0.000000;0.000000;
0.130097;0.064092;0.025781;0.007109;0.002460;0.000148;0.000000;0.000000;0.000000;0.000000;0.000000;0.000000;
0.090913;0.035175;0.016579;0.005699;0.001633;0.000036;0.000000;0.000000;0.000000;0.000000;0.000000;0.000000;
0.102584;0.047211;0.021016;0.010163;0.003240;0.000647;0.000011;0.000000;0.000000;0.000000;0.000000;0.000000;
0.105971;0.048368;0.016931;0.004479;0.001062;0.000002;0.000000;0.000000;0.000000;0.000000;0.000000;0.000000;
0.099389;0.046551;0.016365;0.004438;0.000913;0.000098;0.000000;0.000000;0.000000;0.000000;0.000000;0.000000;
0.096662;0.053617;0.039613;0.033175;0.028102;0.021974;0.015252;0.008226;0.002688;0.001111;0.000495;0.000087;
0.108890;0.059512;0.031089;0.013105;0.004194;0.000273;0.000000;0.000000;0.000000;0.000000;0.000000;0.000000;
0.083920;0.038007;0.016811;0.004046;0.000488;0.000004;0.000000;0.000000;0.000000;0.000000;0.000000;0.000000;
0.074401;0.038415;0.017122;0.005199;0.001896;0.000426;0.000008;0.000000;0.000000;0.000000;0.000000;0.000000;
0.193891;0.110961;0.069530;0.042775;0.023444;0.013302;0.008049;0.004511;0.002170;0.000829;0.000003;0.000000;
0.290884;0.163091;0.085853;0.040139;0.015777;0.005779;0.001423;0.000002;0.000000;0.000000;0.000000;0.000000;
0.218391;0.135526;0.090560;0.066992;0.047378;0.033418;0.021385;0.012285;0.006815;0.003835;0.000086;0.000000;
0.118048;0.048320;0.021294;0.009058;0.003295;0.001589;0.000009;0.000000;0.000000;0.000000;0.000000;0.000000;
0.133785;0.069597;0.035928;0.016415;0.006312;0.002439;0.000584;0.000000;0.000000;0.000000;0.000000;0.000000;
0.147584;0.092257;0.051621;0.026875;0.013943;0.005612;0.002306;0.000354;0.000028;0.000001;0.000000;0.000000;
0.180927;0.101381;0.056442;0.026242;0.009117;0.004730;0.001331;0.000090;0.000000;0.000000;0.000000;0.000000;
0.119402;0.057050;0.025673;0.009217;0.002745;0.000365;0.000000;0.000000;0.000000;0.000000;0.000000;0.000000;
0.069002;0.031471;0.016045;0.007077;0.001184;0.000010;0.000000;0.000000;0.000000;0.000000;0.000000;0.000000;
0.207865;0.139220;0.095257;0.060659;0.034135;0.018518;0.007852;0.004727;0.000262;0.000000;0.000000;0.000000;
0.068768;0.028107;0.010090;0.002152;0.000353;0.000003;0.000000;0.000000;0.000000;0.000000;0.000000;0.000000;
0.134091;0.065113;0.034135;0.017256;0.008065;0.002568;0.000151;0.000010;0.000002;0.000000;0.000000;0.000000;
0.025003;0.006101;0.001687;0.000036;0.000000;0.000000;0.000000;0.000000;0.000000;0.000000;0.000000;0.000000;
0.124632;0.063357;0.034282;0.017913;0.006316;0.001925;0.000630;0.000258;0.000014;0.000000;0.000000;0.000000;
0.132045;0.087804;0.058449;0.042201;0.028571;0.018840;0.009863;0.003016;0.000097;0.000000;0.000000;0.000000;
0.083674;0.035638;0.015234;0.008356;0.002525;0.000093;0.000000;0.000000;0.000000;0.000000;0.000000;0.000000;
0.074359;0.031962;0.010911;0.002424;0.000598;0.000273;0.000041;0.000000;0.000000;0.000000;0.000000;0.000000;
0.102243;0.046086;0.015895;0.006177;0.001613;0.000190;0.000000;0.000000;0.000000;0.000000;0.000000;0.000000;
0.076631;0.032450;0.015113;0.005128;0.000714;0.000011;0.000000;0.000000;0.000000;0.000000;0.000000;0.000000;
0.134681;0.070890;0.035305;0.017785;0.006942;0.001426;0.000003;0.000000;0.000000;0.000000;0.000000;0.000000;
0.086479;0.043314;0.018275;0.008538;0.004266;0.002933;0.001560;0.000097;0.000000;0.000000;0.000000;0.000000;
0.027865;0.007973;0.001798;0.000012;0.000000;0.000000;0.000000;0.000000;0.000000;0.000000;0.000000;0.000000;
0.197727;0.111349;0.065880;0.036202;0.012999;0.005822;0.002262;0.000686;0.000000;0.000000;0.000000;0.000000;
0.092994;0.036723;0.013702;0.005020;0.000352;0.000005;0.000000;0.000000;0.000000;0.000000;0.000000;0.000000;
0.159875;0.089288;0.048255;0.025347;0.009895;0.003243;0.001109;0.000615;0.000194;0.000001;0.000000;0.000000;
0.068583;0.025246;0.010596;0.007230;0.004006;0.002062;0.000845;0.000515;0.000031;0.000000;0.000000;0.000000;
0.112776;0.057354;0.024063;0.011252;0.003765;0.000575;0.000075;0.000000;0.000000;0.000000;0.000000;0.000000;
0.123868;0.056657;0.022159;0.006720;0.001068;0.000290;0.000061;0.000000;0.000000;0.000000;0.000000;0.000000;
0.142120;0.072437;0.038155;0.015065;0.003545;0.000334;0.000000;0.000000;0.000000;0.000000;0.000000;0.000000;
0.103117;0.059003;0.039466;0.026395;0.014044;0.006085;0.000936;0.000000;0.000000;0.000000;0.000000;0.000000;
0.061963;0.026408;0.012699;0.006097;0.000526;0.000034;0.000026;0.000024;0.000015;0.000000;0.000000;0.000000;
0.066584;0.032921;0.011166;0.003932;0.001488;0.000629;0.000373;0.000075;0.000000;0.000000;0.000000;0.000000;
0.097676;0.054411;0.032123;0.014384;0.002692;0.000116;0.000000;0.000000;0.000000;0.000000;0.000000;0.000000;
0.078717;0.035304;0.014377;0.005289;0.001340;0.000127;0.000087;0.000049;0.000015;0.000000;0.000000;0.000000;
0.070958;0.037822;0.022174;0.011429;0.006773;0.001566;0.000000;0.000000;0.000000;0.000000;0.000000;0.000000;
0.137903;0.080025;0.052498;0.034005;0.020215;0.011438;0.006687;0.004362;0.002231;0.000916;0.000000;0.000000;
0.124395;0.082388;0.058750;0.041913;0.031993;0.022644;0.014572;0.011425;0.008324;0.001463;0.000000;0.000000;
0.124399;0.066804;0.031714;0.016207;0.007486;0.000614;0.000000;0.000000;0.000000;0.000000;0.000000;0.000000;
0.116232;0.068330;0.034310;0.016590;0.005889;0.000659;0.000000;0.000000;0.000000;0.000000;0.000000;0.000000;
0.122049;0.073596;0.048985;0.029223;0.015497;0.008204;0.003729;0.001058;0.000014;0.000000;0.000000;0.000000;
0.088588;0.039472;0.020665;0.013027;0.009424;0.005880;0.002202;0.000008;0.000000;0.000000;0.000000;0.000000;
0.073928;0.031909;0.013842;0.005605;0.001470;0.000056;0.000000;0.000000;0.000000;0.000000;0.000000;0.000000;
0.169657;0.103964;0.062801;0.042643;0.037148;0.030176;0.022980;0.016306;0.009562;0.007191;0.006399;0.005288;
0.111059;0.056799;0.032005;0.021424;0.011721;0.002250;0.000187;0.000000;0.000000;0.000000;0.000000;0.000000;
0.153467;0.090129;0.051560;0.028844;0.017708;0.010655;0.004219;0.000214;0.000003;0.000000;0.000000;0.000000;
0.115975;0.061546;0.029118;0.014223;0.004832;0.001305;0.000753;0.000576;0.000396;0.000222;0.000009;0.000000;
0.122148;0.062663;0.034590;0.017389;0.005853;0.000892;0.000008;0.000000;0.000000;0.000000;0.000000;0.000000;
0.162099;0.104951;0.075667;0.050980;0.028165;0.014807;0.007562;0.002822;0.000803;0.000001;0.000000;0.000000;
0.126829;0.073618;0.042513;0.021501;0.005438;0.000259;0.000000;0.000000;0.000000;0.000000;0.000000;0.000000;
0.224119;0.149364;0.095021;0.063296;0.041393;0.024142;0.011867;0.006198;0.003550;0.001981;0.000577;0.000000;
0.180692;0.095742;0.050587;0.028126;0.012467;0.006472;0.001730;0.000069;0.000000;0.000000;0.000000;0.000000;
0.103669;0.049974;0.024989;0.012377;0.005941;0.001702;0.000235;0.000000;0.000000;0.000000;0.000000;0.000000;
0.125893;0.073268;0.040858;0.021028;0.011415;0.004467;0.000360;0.000000;0.000000;0.000000;0.000000;0.000000;
0.110082;0.049264;0.023435;0.010509;0.003243;0.001336;0.000262;0.000077;0.000000;0.000000;0.000000;0.000000;
0.089977;0.038546;0.014862;0.004183;0.000982;0.000239;0.000002;0.000000;0.000000;0.000000;0.000000;0.000000;
0.108708;0.063088;0.034263;0.018226;0.011008;0.006329;0.002797;0.000265;0.000004;0.000000;0.000000;0.000000;
0.152841;0.093423;0.057791;0.034878;0.017260;0.007560;0.002818;0.001388;0.000305;0.000000;0.000000;0.000000;
0.118091;0.064586;0.035307;0.018699;0.006926;0.001039;0.000001;0.000000;0.000000;0.000000;0.000000;0.000000;
0.146621;0.081404;0.049504;0.026855;0.013508;0.007013;0.001785;0.000144;0.000000;0.000000;0.000000;0.000000;
0.115667;0.065434;0.035897;0.018487;0.005369;0.000104;0.000001;0.000000;0.000000;0.000000;0.000000;0.000000;
0.163928;0.093978;0.062916;0.039042;0.019978;0.007274;0.001669;0.000000;0.000000;0.000000;0.000000;0.000000;
0.094384;0.045929;0.022076;0.009964;0.004831;0.001755;0.000222;0.000031;0.000014;0.000000;0.000000;0.000000;
0.090951;0.043471;0.020051;0.007329;0.000571;0.000000;0.000000;0.000000;0.000000;0.000000;0.000000;0.000000;
0.128984;0.072125;0.042143;0.026206;0.018916;0.013958;0.010031;0.006731;0.002931;0.000421;0.000000;0.000000;
0.088626;0.050697;0.025876;0.008584;0.004198;0.000845;0.000053;0.000000;0.000000;0.000000;0.000000;0.000000;
0.113048;0.055269;0.030184;0.022387;0.017540;0.011620;0.006619;0.004224;0.002403;0.000252;0.000000;0.000000;
0.082972;0.041655;0.017919;0.007466;0.000953;0.000000;0.000000;0.000000;0.000000;0.000000;0.000000;0.000000;
0.070949;0.032183;0.010941;0.001801;0.000047;0.000000;0.000000;0.000000;0.000000;0.000000;0.000000;0.000000;
0.322895;0.216827;0.136695;0.078720;0.043269;0.020986;0.011763;0.005050;0.000447;0.000003;0.000000;0.000000;
0.198175;0.107744;0.059773;0.031394;0.017709;0.006725;0.001029;0.000000;0.000000;0.000000;0.000000;0.000000;
0.130410;0.059133;0.026350;0.006367;0.000946;0.000010;0.000000;0.000000;0.000000;0.000000;0.000000;0.000000;
0.087920;0.042054;0.022066;0.011050;0.003073;0.000651;0.000189;0.000000;0.000000;0.000000;0.000000;0.000000;
0.164609;0.094746;0.053596;0.032795;0.022524;0.013136;0.005283;0.002246;0.000694;0.000000;0.000000;0.000000;
0.156745;0.086488;0.049603;0.020732;0.005845;0.002088;0.000225;0.000000;0.000000;0.000000;0.000000;0.000000;
0.201771;0.114206;0.063845;0.033048;0.015586;0.005429;0.000469;0.000012;0.000000;0.000000;0.000000;0.000000;
0.111621;0.043486;0.012899;0.004293;0.000752;0.000120;0.000000;0.000000;0.000000;0.000000;0.000000;0.000000;
0.101370;0.044803;0.016600;0.006101;0.002454;0.000879;0.000289;0.000000;0.000000;0.000000;0.000000;0.000000;
0.172681;0.095565;0.044545;0.021361;0.013231;0.006567;0.001897;0.000528;0.000187;0.000016;0.000000;0.000000;
0.105894;0.051914;0.029826;0.013543;0.004469;0.002039;0.000177;0.000000;0.000000;0.000000;0.000000;0.000000;
0.151429;0.085209;0.048371;0.026840;0.013474;0.005055;0.001191;0.000145;0.000003;0.000000;0.000000;0.000000;
0.181980;0.086790;0.033676;0.012766;0.003173;0.000255;0.000077;0.000076;0.000041;0.000000;0.000000;0.000000;
0.111658;0.057934;0.037333;0.019578;0.007333;0.001797;0.000291;0.000077;0.000000;0.000000;0.000000;0.000000;
0.236267;0.129620;0.071660;0.040953;0.016886;0.004006;0.000595;0.000089;0.000011;0.000000;0.000000;0.000000;
0.148430;0.072295;0.035086;0.015833;0.006215;0.002120;0.000093;0.000000;0.000000;0.000000;0.000000;0.000000;
0.136383;0.072925;0.035604;0.010425;0.000769;0.000008;0.000000;0.000000;0.000000;0.000000;0.000000;0.000000;
0.272437;0.160988;0.097343;0.050089;0.022589;0.008998;0.003599;0.001400;0.000004;0.000000;0.000000;0.000000;
0.266528;0.146859;0.077989;0.044512;0.027679;0.011443;0.004517;0.001579;0.000627;0.000363;0.000258;0.000149;
0.143248;0.067656;0.037762;0.015037;0.007999;0.005203;0.001892;0.000854;0.000370;0.000027;0.000000;0.000000;
0.308163;0.214247;0.170635;0.140283;0.117370;0.089239;0.061399;0.035370;0.020304;0.010547;0.004364;0.000007;
0.063057;0.027013;0.012657;0.007879;0.006325;0.004858;0.003092;0.001019;0.000000;0.000000;0.000000;0.000000;
0.169044;0.112283;0.075669;0.048102;0.031661;0.020870;0.011608;0.005707;0.003421;0.001019;0.000000;0.000000;
0.327635;0.222350;0.146290;0.092738;0.052782;0.025616;0.010796;0.004520;0.000939;0.000089;0.000000;0.000000;
0.159303;0.083178;0.039902;0.012112;0.003188;0.000881;0.000306;0.000040;0.000000;0.000000;0.000000;0.000000;
0.171459;0.102035;0.064748;0.039708;0.018657;0.008655;0.004868;0.002061;0.000000;0.000000;0.000000;0.000000;
0.095066;0.037332;0.011986;0.003587;0.000493;0.000000;0.000000;0.000000;0.000000;0.000000;0.000000;0.000000;
0.078584;0.032342;0.013240;0.003772;0.001236;0.000026;0.000000;0.000000;0.000000;0.000000;0.000000;0.000000;
0.071446;0.027525;0.014287;0.006250;0.001045;0.000009;0.000000;0.000000;0.000000;0.000000;0.000000;0.000000;
0.138855;0.089130;0.054639;0.030328;0.015551;0.008564;0.002142;0.000571;0.000056;0.000000;0.000000;0.000000;
0.120477;0.070023;0.038511;0.020685;0.010367;0.006023;0.002817;0.000502;0.000000;0.000000;0.000000;0.000000;
0.062269;0.025380;0.009842;0.004049;0.000741;0.000009;0.000000;0.000000;0.000000;0.000000;0.000000;0.000000;
0.097905;0.036964;0.010760;0.002489;0.000082;0.000000;0.000000;0.000000;0.000000;0.000000;0.000000;0.000000;
0.083936;0.034855;0.016221;0.005623;0.001936;0.000502;0.000003;0.000000;0.000000;0.000000;0.000000;0.000000;
0.092776;0.048078;0.026540;0.015570;0.011004;0.007243;0.003975;0.000647;0.000000;0.000000;0.000000;0.000000;
0.106636;0.060317;0.033305;0.012311;0.003813;0.001598;0.000562;0.000003;0.000000;0.000000;0.000000;0.000000;
0.161904;0.094762;0.053235;0.031625;0.018158;0.007391;0.002130;0.000256;0.000017;0.000000;0.000000;0.000000;
0.102842;0.063264;0.034319;0.014851;0.003710;0.000139;0.000080;0.000077;0.000011;0.000000;0.000000;0.000000;
0.137936;0.076398;0.040341;0.022530;0.014068;0.010229;0.006381;0.001991;0.000010;0.000000;0.000000;0.000000;
0.144936;0.085953;0.052185;0.026925;0.008726;0.002835;0.000164;0.000000;0.000000;0.000000;0.000000;0.000000;
0.270477;0.178910;0.122937;0.066693;0.029240;0.011758;0.005596;0.003426;0.001687;0.000047;0.000000;0.000000;
0.147305;0.070213;0.043810;0.020944;0.004258;0.000864;0.000222;0.000028;0.000000;0.000000;0.000000;0.000000;
0.146984;0.073593;0.033955;0.021176;0.013171;0.005750;0.001515;0.000005;0.000000;0.000000;0.000000;0.000000;
0.123767;0.065527;0.037997;0.023212;0.008022;0.001693;0.000173;0.000065;0.000011;0.000000;0.000000;0.000000;
0.091034;0.046476;0.020243;0.006705;0.001312;0.000673;0.000307;0.000000;0.000000;0.000000;0.000000;0.000000;
0.127017;0.065169;0.034944;0.017090;0.005894;0.001855;0.000183;0.000001;0.000000;0.000000;0.000000;0.000000;
0.108286;0.051046;0.022568;0.006383;0.000099;0.000000;0.000000;0.000000;0.000000;0.000000;0.000000;0.000000;
0.091101;0.043579;0.017040;0.006108;0.002742;0.001761;0.001239;0.000895;0.000711;0.000556;0.000411;0.000256;
0.124738;0.077348;0.041885;0.013010;0.002746;0.000663;0.000237;0.000000;0.000000;0.000000;0.000000;0.000000;
0.104910;0.055513;0.032411;0.019247;0.010689;0.004535;0.000588;0.000000;0.000000;0.000000;0.000000;0.000000;
0.121195;0.055244;0.025986;0.013720;0.005005;0.000304;0.000000;0.000000;0.000000;0.000000;0.000000;0.000000;
0.113836;0.053708;0.023449;0.007471;0.000820;0.000008;0.000000;0.000000;0.000000;0.000000;0.000000;0.000000;
0.096015;0.055934;0.038130;0.024977;0.013748;0.004676;0.001379;0.000560;0.000215;0.000050;0.000000;0.000000;
0.079744;0.039097;0.016314;0.006921;0.003180;0.000614;0.000000;0.000000;0.000000;0.000000;0.000000;0.000000;
0.151439;0.098582;0.065581;0.040633;0.019766;0.009553;0.001184;0.000378;0.000123;0.000000;0.000000;0.000000;
0.119817;0.056102;0.020378;0.003220;0.000114;0.000000;0.000000;0.000000;0.000000;0.000000;0.000000;0.000000;
0.123048;0.053893;0.013713;0.002843;0.000143;0.000000;0.000000;0.000000;0.000000;0.000000;0.000000;0.000000;
0.252958;0.171305;0.121125;0.087412;0.064745;0.049489;0.041163;0.033867;0.023657;0.014951;0.011240;0.006782;
0.093868;0.042101;0.018143;0.004975;0.000176;0.000000;0.000000;0.000000;0.000000;0.000000;0.000000;0.000000;
0.097269;0.051565;0.030648;0.019593;0.013455;0.008970;0.004198;0.000754;0.000013;0.000000;0.000000;0.000000;
0.159872;0.078006;0.032309;0.015855;0.007789;0.004172;0.001359;0.000058;0.000000;0.000000;0.000000;0.000000;
0.155125;0.079953;0.033628;0.011401;0.002296;0.000927;0.000097;0.000000;0.000000;0.000000;0.000000;0.000000;
0.126548;0.069537;0.037206;0.017323;0.005945;0.001740;0.000464;0.000044;0.000011;0.000000;0.000000;0.000000;
0.088443;0.050550;0.031381;0.015898;0.006855;0.003504;0.000917;0.000003;0.000000;0.000000;0.000000;0.000000;
0.085879;0.043661;0.017410;0.003139;0.000157;0.000000;0.000000;0.000000;0.000000;0.000000;0.000000;0.000000;
0.121258;0.068495;0.038205;0.019031;0.007510;0.002289;0.000608;0.000241;0.000001;0.000000;0.000000;0.000000;
0.207196;0.113122;0.053286;0.022651;0.009859;0.005383;0.001758;0.000145;0.000000;0.000000;0.000000;0.000000;
0.115162;0.055521;0.025791;0.012484;0.003078;0.000528;0.000002;0.000000;0.000000;0.000000;0.000000;0.000000;
0.134588;0.067574;0.027926;0.007240;0.002395;0.000686;0.000010;0.000010;0.000002;0.000000;0.000000;0.000000;
0.144312;0.068685;0.028074;0.009873;0.001464;0.000143;0.000054;0.000000;0.000000;0.000000;0.000000;0.000000;
0.124359;0.063021;0.030516;0.012731;0.003103;0.000092;0.000000;0.000000;0.000000;0.000000;0.000000;0.000000;
0.126674;0.062219;0.030962;0.015551;0.003191;0.000011;0.000000;0.000000;0.000000;0.000000;0.000000;0.000000;
0.116851;0.058713;0.024851;0.006302;0.001330;0.000546;0.000128;0.000000;0.000000;0.000000;0.000000;0.000000;
0.126572;0.078360;0.052541;0.032713;0.014159;0.002360;0.000467;0.000044;0.000000;0.000000;0.000000;0.000000;
0.148967;0.080624;0.041445;0.018390;0.006870;0.001343;0.000014;0.000000;0.000000;0.000000;0.000000;0.000000;
0.285639;0.175878;0.122065;0.095545;0.074419;0.055343;0.039004;0.024281;0.015571;0.009081;0.006984;0.002803;
0.113679;0.053970;0.024051;0.006088;0.000806;0.000005;0.000000;0.000000;0.000000;0.000000;0.000000;0.000000;
0.114499;0.055479;0.027130;0.015252;0.008815;0.004773;0.001241;0.000000;0.000000;0.000000;0.000000;0.000000;
0.130510;0.069467;0.044702;0.027792;0.016594;0.007879;0.004401;0.003229;0.002387;0.000839;0.000000;0.000000;
0.067064;0.021656;0.006081;0.001084;0.000034;0.000000;0.000000;0.000000;0.000000;0.000000;0.000000;0.000000;
0.101849;0.050951;0.020533;0.007305;0.004106;0.001860;0.000264;0.000000;0.000000;0.000000;0.000000;0.000000;
0.122675;0.064563;0.039386;0.026011;0.012216;0.005133;0.001987;0.000254;0.000000;0.000000;0.000000;0.000000;
0.150961;0.093765;0.054131;0.026111;0.005729;0.002145;0.001015;0.000706;0.000367;0.000034;0.000000;0.000000;
0.118770;0.062013;0.033048;0.012179;0.001457;0.000023;0.000000;0.000000;0.000000;0.000000;0.000000;0.000000;
0.125776;0.064501;0.041481;0.027614;0.017849;0.009041;0.003509;0.000760;0.000020;0.000000;0.000000;0.000000;
0.137743;0.084648;0.051980;0.028395;0.012131;0.003835;0.000230;0.000000;0.000000;0.000000;0.000000;0.000000;
0.146007;0.090884;0.062276;0.040546;0.023701;0.015112;0.008363;0.003344;0.001842;0.000509;0.000000;0.000000;
0.100562;0.051846;0.030630;0.014215;0.005092;0.000378;0.000026;0.000025;0.000012;0.000000;0.000000;0.000000;
0.109289;0.049417;0.024434;0.012709;0.006969;0.004540;0.002550;0.000799;0.000028;0.000000;0.000000;0.000000;
0.131829;0.071112;0.036718;0.015689;0.004593;0.000499;0.000100;0.000029;0.000000;0.000000;0.000000;0.000000;
0.147032;0.084103;0.051186;0.030790;0.015387;0.005866;0.001896;0.000334;0.000037;0.000000;0.000000;0.000000;
0.134174;0.073975;0.044056;0.022228;0.011699;0.003799;0.000373;0.000021;0.000002;0.000000;0.000000;0.000000;
0.120187;0.066041;0.038800;0.022027;0.009403;0.003793;0.001559;0.000305;0.000008;0.000000;0.000000;0.000000;
0.146702;0.082616;0.044414;0.022551;0.009080;0.004642;0.000262;0.000039;0.000009;0.000000;0.000000;0.000000;
0.138031;0.075980;0.048623;0.029225;0.016211;0.009773;0.003743;0.001152;0.000531;0.000015;0.000000;0.000000;
0.106713;0.049201;0.016789;0.003754;0.000340;0.000004;0.000000;0.000000;0.000000;0.000000;0.000000;0.000000;
0.197821;0.127198;0.080332;0.044036;0.020269;0.007597;0.002192;0.000614;0.000104;0.000000;0.000000;0.000000;
0.134942;0.075509;0.044306;0.024759;0.012870;0.007216;0.003519;0.000768;0.000008;0.000000;0.000000;0.000000;
0.151368;0.081100;0.048646;0.030458;0.012731;0.003470;0.001898;0.001006;0.000066;0.000000;0.000000;0.000000;
0.099996;0.049642;0.027089;0.013346;0.005129;0.001734;0.000498;0.000000;0.000000;0.000000;0.000000;0.000000;
0.278832;0.177057;0.106879;0.058025;0.031660;0.018420;0.008918;0.003912;0.001388;0.000109;0.000000;0.000000;
0.142992;0.076229;0.041393;0.021810;0.011088;0.005867;0.003088;0.001853;0.000328;0.000000;0.000000;0.000000;
0.143032;0.090716;0.055414;0.032281;0.015932;0.005384;0.001369;0.000106;0.000000;0.000000;0.000000;0.000000;
0.120145;0.064960;0.039770;0.022308;0.011982;0.006022;0.002916;0.000692;0.000017;0.000000;0.000000;0.000000;
0.182428;0.109026;0.069389;0.042988;0.019569;0.007278;0.001561;0.000106;0.000003;0.000000;0.000000;0.000000;
0.177617;0.090747;0.042160;0.013088;0.001895;0.000187;0.000000;0.000000;0.000000;0.000000;0.000000;0.000000;
0.172681;0.100975;0.058768;0.031436;0.014561;0.007750;0.004857;0.003414;0.002170;0.000793;0.000135;0.000043;
0.141101;0.064192;0.032730;0.016656;0.009235;0.003455;0.000194;0.000000;0.000000;0.000000;0.000000;0.000000;
0.100931;0.042779;0.016963;0.004265;0.001411;0.000877;0.000537;0.000213;0.000000;0.000000;0.000000;0.000000;
0.120562;0.055702;0.025840;0.011865;0.002501;0.000128;0.000012;0.000000;0.000000;0.000000;0.000000;0.000000;
0.111604;0.055217;0.024145;0.008496;0.001846;0.000086;0.000000;0.000000;0.000000;0.000000;0.000000;0.000000;
0.119147;0.063444;0.038247;0.019854;0.009466;0.003030;0.000916;0.000028;0.000000;0.000000;0.000000;0.000000;
0.127610;0.074774;0.037196;0.012651;0.003668;0.000305;0.000005;0.000000;0.000000;0.000000;0.000000;0.000000;
0.088509;0.043192;0.019508;0.011598;0.008249;0.004365;0.000887;0.000036;0.000000;0.000000;0.000000;0.000000;
0.100737;0.059635;0.035095;0.016580;0.003334;0.000712;0.000067;0.000000;0.000000;0.000000;0.000000;0.000000;
0.190014;0.108317;0.059181;0.025661;0.010944;0.004966;0.002191;0.000814;0.000162;0.000000;0.000000;0.000000;
0.176181;0.106173;0.068502;0.046589;0.025481;0.007780;0.002201;0.000884;0.000030;0.000000;0.000000;0.000000;
0.104070;0.052041;0.024198;0.011110;0.003697;0.000639;0.000266;0.000158;0.000082;0.000017;0.000000;0.000000;
0.153369;0.078467;0.034021;0.007319;0.000228;0.000048;0.000031;0.000031;0.000020;0.000000;0.000000;0.000000;
0.119176;0.058574;0.029676;0.012645;0.002579;0.000048;0.000000;0.000000;0.000000;0.000000;0.000000;0.000000;
0.104983;0.051267;0.019162;0.007146;0.001268;0.000021;0.000000;0.000000;0.000000;0.000000;0.000000;0.000000;
0.116624;0.061410;0.040857;0.029439;0.018462;0.012364;0.008890;0.006650;0.003122;0.000441;0.000000;0.000000;
0.122521;0.058402;0.028778;0.016480;0.010988;0.006855;0.004243;0.002622;0.000783;0.000000;0.000000;0.000000;
0.098333;0.047318;0.021237;0.006710;0.001296;0.000328;0.000065;0.000000;0.000000;0.000000;0.000000;0.000000;
0.160157;0.107361;0.080720;0.053339;0.029787;0.014940;0.007394;0.002222;0.000048;0.000000;0.000000;0.000000;
0.168429;0.092298;0.049081;0.023395;0.009048;0.003874;0.000497;0.000000;0.000000;0.000000;0.000000;0.000000;
0.248974;0.157617;0.098307;0.057188;0.032170;0.014591;0.009952;0.006800;0.003958;0.001325;0.000012;0.000000;
0.120888;0.060254;0.025475;0.012522;0.006491;0.003210;0.002081;0.000676;0.000000;0.000000;0.000000;0.000000;
0.132593;0.064473;0.030998;0.015680;0.007181;0.003796;0.001659;0.000188;0.000000;0.000000;0.000000;0.000000;
0.138358;0.067875;0.031097;0.012140;0.005277;0.003799;0.002945;0.002061;0.001181;0.000454;0.000035;0.000000;
0.109308;0.056557;0.031637;0.015245;0.006540;0.003043;0.000801;0.000000;0.000000;0.000000;0.000000;0.000000;
0.129811;0.070075;0.037536;0.019811;0.010324;0.004049;0.000939;0.000187;0.000000;0.000000;0.000000;0.000000;
0.165793;0.103448;0.071719;0.049795;0.030081;0.015768;0.005532;0.001606;0.000205;0.000000;0.000000;0.000000;
0.236120;0.144876;0.090062;0.049684;0.021042;0.009580;0.004326;0.002638;0.001774;0.000499;0.000000;0.000000;
0.098806;0.053201;0.029720;0.014615;0.005030;0.002588;0.000851;0.000054;0.000000;0.000000;0.000000;0.000000;
0.171222;0.107764;0.081667;0.059697;0.049475;0.044767;0.039341;0.031109;0.016747;0.009366;0.006264;0.005225;
0.134714;0.076651;0.048124;0.023697;0.004676;0.000485;0.000005;0.000000;0.000000;0.000000;0.000000;0.000000;
0.115454;0.057006;0.025600;0.007806;0.001206;0.000144;0.000078;0.000051;0.000010;0.000000;0.000000;0.000000;
0.200038;0.123723;0.077008;0.041365;0.019168;0.008813;0.002440;0.000356;0.000017;0.000000;0.000000;0.000000;
0.171681;0.094444;0.049874;0.026263;0.012208;0.004679;0.000937;0.000014;0.000000;0.000000;0.000000;0.000000;
0.223176;0.142358;0.084804;0.050247;0.028188;0.010633;0.005244;0.003166;0.001179;0.000128;0.000000;0.000000;
0.212178;0.110256;0.049811;0.019425;0.006359;0.002238;0.000047;0.000000;0.000000;0.000000;0.000000;0.000000;
0.150231;0.072828;0.027809;0.011686;0.004562;0.001017;0.000241;0.000001;0.000000;0.000000;0.000000;0.000000;
0.109372;0.050295;0.019186;0.007053;0.003467;0.002155;0.000804;0.000024;0.000007;0.000000;0.000000;0.000000;
0.179173;0.109113;0.073952;0.041135;0.020156;0.012550;0.006979;0.003955;0.001950;0.000012;0.000000;0.000000;
0.120574;0.063376;0.035902;0.014818;0.005155;0.001151;0.000003;0.000000;0.000000;0.000000;0.000000;0.000000;
0.344113;0.239597;0.177952;0.130510;0.088135;0.053844;0.026962;0.009332;0.001491;0.000308;0.000002;0.000000;
0.239650;0.136354;0.076695;0.043404;0.024468;0.013789;0.007971;0.003752;0.000857;0.000004;0.000000;0.000000;
0.166973;0.075122;0.031108;0.011199;0.002964;0.000598;0.000307;0.000118;0.000000;0.000000;0.000000;0.000000;
0.098913;0.037544;0.013883;0.004004;0.001714;0.000209;0.000060;0.000010;0.000000;0.000000;0.000000;0.000000;
0.113668;0.054193;0.021707;0.006647;0.000265;0.000000;0.000000;0.000000;0.000000;0.000000;0.000000;0.000000;
0.102832;0.059065;0.035576;0.016827;0.007504;0.004779;0.002441;0.000897;0.000010;0.000000;0.000000;0.000000;
0.205035;0.116493;0.071515;0.044590;0.027544;0.017355;0.010137;0.005284;0.002874;0.000591;0.000009;0.000000;
0.179464;0.090857;0.037812;0.013777;0.004530;0.001901;0.000984;0.000313;0.000000;0.000000;0.000000;0.000000;
0.142504;0.075148;0.046267;0.022811;0.011281;0.006758;0.002739;0.000002;0.000000;0.000000;0.000000;0.000000;
0.119189;0.064074;0.038143;0.024284;0.015175;0.008123;0.003817;0.001620;0.000199;0.000000;0.000000;0.000000;
0.141057;0.071583;0.036821;0.019550;0.006913;0.001632;0.000143;0.000042;0.000001;0.000000;0.000000;0.000000;
0.137701;0.083327;0.043044;0.020512;0.011568;0.007589;0.005412;0.003346;0.000113;0.000000;0.000000;0.000000;
0.090113;0.044360;0.020216;0.008575;0.002541;0.000471;0.000002;0.000000;0.000000;0.000000;0.000000;0.000000;
0.131489;0.073529;0.043561;0.022984;0.009452;0.000599;0.000123;0.000020;0.000000;0.000000;0.000000;0.000000;
0.145165;0.080138;0.039762;0.020634;0.009233;0.001664;0.000154;0.000000;0.000000;0.000000;0.000000;0.000000;
0.207610;0.126757;0.074450;0.040742;0.020494;0.010164;0.003249;0.000058;0.000000;0.000000;0.000000;0.000000;
0.148651;0.082665;0.046135;0.029417;0.014737;0.007130;0.003154;0.000743;0.000021;0.000000;0.000000;0.000000;
0.109684;0.052701;0.021522;0.004372;0.000843;0.000445;0.000195;0.000069;0.000000;0.000000;0.000000;0.000000;
0.111735;0.064693;0.036284;0.014222;0.002998;0.000162;0.000000;0.000000;0.000000;0.000000;0.000000;0.000000;
0.147336;0.069765;0.032834;0.013125;0.005850;0.001246;0.000002;0.000000;0.000000;0.000000;0.000000;0.000000;
0.189703;0.107163;0.061653;0.034158;0.018748;0.009800;0.005629;0.004237;0.003138;0.001826;0.000257;0.000000;
0.222066;0.122031;0.068333;0.034434;0.015278;0.005515;0.001977;0.000425;0.000001;0.000000;0.000000;0.000000;
0.269443;0.150242;0.080398;0.045968;0.026287;0.014536;0.007025;0.003553;0.001250;0.000420;0.000000;0.000000;
0.190341;0.103394;0.063081;0.035417;0.019404;0.006321;0.002067;0.000233;0.000000;0.000000;0.000000;0.000000;
0.150247;0.071261;0.030758;0.014342;0.004722;0.001436;0.000406;0.000022;0.000000;0.000000;0.000000;0.000000;
0.151969;0.077524;0.038848;0.019631;0.007546;0.001984;0.000898;0.000534;0.000044;0.000000;0.000000;0.000000;
0.241355;0.151461;0.100958;0.065299;0.038301;0.016758;0.004511;0.001445;0.000000;0.000000;0.000000;0.000000;
0.130768;0.057059;0.028883;0.016237;0.007516;0.003100;0.000592;0.000003;0.000000;0.000000;0.000000;0.000000;
0.276068;0.177996;0.121493;0.082095;0.049086;0.028342;0.012232;0.003541;0.001812;0.000600;0.000000;0.000000;
0.158589;0.079121;0.042783;0.023292;0.007667;0.001895;0.000399;0.000002;0.000000;0.000000;0.000000;0.000000;
0.072705;0.026810;0.009117;0.002676;0.000735;0.000036;0.000000;0.000000;0.000000;0.000000;0.000000;0.000000;
0.152873;0.084504;0.049952;0.036240;0.023290;0.013760;0.009967;0.005677;0.001582;0.000065;0.000000;0.000000;
0.118644;0.059711;0.021229;0.006476;0.002824;0.001258;0.000022;0.000000;0.000000;0.000000;0.000000;0.000000;
0.183090;0.109868;0.071908;0.054285;0.045745;0.037064;0.026620;0.019567;0.009985;0.003260;0.000884;0.000000;
0.120467;0.061398;0.032651;0.016070;0.009705;0.005819;0.003757;0.001973;0.000079;0.000000;0.000000;0.000000;
0.195103;0.124329;0.082197;0.051175;0.032382;0.019467;0.012566;0.008186;0.004439;0.001521;0.000428;0.000000;
0.082894;0.034535;0.014154;0.002248;0.000361;0.000000;0.000000;0.000000;0.000000;0.000000;0.000000;0.000000;
0.201462;0.132212;0.079995;0.045505;0.024379;0.010289;0.004252;0.001182;0.000000;0.000000;0.000000;0.000000;
0.212006;0.123158;0.064898;0.029673;0.013039;0.004763;0.002016;0.000416;0.000000;0.000000;0.000000;0.000000;
